238,nil,nil
1586197594.8696,97.30428314209,206.88619995117,-2.5,4
1586197594.9704,97.51628112793,206.88275146484,-2.5,4
1586197595.078,97.932289123535,206.87599182129,-2.5,4
1586197595.1859,98.420295715332,206.86805725098,-2.5,4
1586197595.3016,98.840293884277,206.86117553711,-2.5,4
1586197595.4092,99.260246276855,206.85401916504,-2.5,4
1586197595.517,99.684173583984,206.84675598145,-2.5,4
1586197595.6246,100.11209869385,206.83941650391,-2.5,4
1586197595.7323,100.60012054443,206.83102416992,-2.5,4
1586197595.8408,101.02011871338,206.8238067627,-2.5,4
1586197595.9545,101.44013214111,206.81660461426,-2.5,4
1586197596.0605,101.86013793945,206.80937194824,-2.5,4
1586197596.1688,102.35211181641,206.80088806152,-2.5,4
1586197596.2824,102.76805877686,206.79388427734,-2.5,4
1586197596.3892,103.18804168701,206.78703308105,-2.5,4
1586197596.5034,103.66804504395,206.77934265137,-2.5,4
1586197596.6102,104.08805084229,206.77253723145,-2.5,4
1586197596.7188,104.50798797607,206.76570129395,-2.5,4
1586197596.8255,104.92793273926,206.75880432129,-2.5,4
1586197596.9393,105.41991424561,206.75074768066,-2.5,4
1586197597.047,105.84393310547,206.74383544922,-2.5,4
1586197597.1538,106.27197265625,206.73696899414,-2.5,4
1586197597.2674,106.68398284912,206.73049926758,-2.5,4
1586197597.3741,107.16796112061,206.72290039063,-2.5,4
1586197597.4879,107.58792114258,206.71629333496,-2.5,4
1586197597.5965,108.00792694092,206.70974731445,-2.5,4
1586197597.7042,108.42794036865,206.70315551758,-2.5,4
1586197597.8119,108.9158782959,206.6955871582,-2.5,4
1586197597.9202,109.29180145264,206.68984985352,-2.5,4
1586197598.0349,109.78372192383,206.68229675293,-2.5,4
1586197598.1417,110.20770263672,206.67579650879,-2.5,4
1586197598.2493,110.63167572021,206.66929626465,-2.5,4
1586197598.3631,111.12767028809,206.66194152832,-2.5,4
1586197598.4718,111.54360198975,206.65594482422,-2.5,4
1586197598.5786,111.95952606201,206.65019226074,-2.5,4
1586197598.6863,112.37944793701,206.64442443848,-2.5,4
1586197598.7949,112.79935455322,206.63858032227,-2.5,4
1586197598.9094,113.29127502441,206.63186645508,-2.5,4
1586197599.0171,113.69922637939,206.62628173828,-2.5,4
1586197599.1241,114.11511993408,206.62057495117,-2.5,4
1586197599.2313,114.53498077393,206.6148223877,-2.5,4
1586197599.3466,115.02286529541,206.6082611084,-2.5,4
1586197599.4534,115.44681549072,206.60264587402,-2.5,4
1586197599.5601,115.86679077148,206.5970916748,-2.5,4
1586197599.6761,116.35871887207,206.59071350098,-2.5,4
1586197599.7839,116.77464294434,206.58526611328,-2.5,4
1586197599.8913,117.19458007813,206.57983398438,-2.5,4
1586197599.9977,117.61852264404,206.57440185547,-2.5,4
1586197600.11,118.10649108887,206.56838989258,-2.5,4
1586197600.2186,118.52249908447,206.56317138672,-2.5,4
1586197600.3264,118.94247436523,206.55780029297,-2.5,4
1586197600.441,119.43044281006,206.55160522461,-2.5,4
1586197600.5497,119.85036468506,206.5464630127,-2.5,4
1586197600.6566,120.26633453369,206.54139709473,-2.5,4
1586197600.7642,120.68227386475,206.53639221191,-2.5,4
1586197600.8719,121.09817504883,206.53137207031,-2.5,4
1586197600.9847,121.59817504883,206.52546691895,-2.5,4
1586197601.0933,122.01012420654,206.52075195313,-2.5,4
1586197601.201,122.42208862305,206.51600646973,-2.5,4
1586197601.3136,122.90215301514,206.51037597656,-2.5,4
1586197601.4223,123.33419799805,206.50527954102,-2.5,4
1586197601.529,123.7621307373,206.50038146973,-2.5,4
1586197601.6427,124.17802429199,206.49580383301,-2.5,4
1586197601.7494,124.59799194336,206.49113464355,-2.5,4
1586197601.8631,125.09006500244,206.48564147949,-2.5,4
1586197601.9713,125.51012420654,206.48092651367,-2.5,4
1586197602.079,125.98999023438,206.47557067871,-2.5,4
1586197602.1857,126.3459777832,206.47161865234,-2.5,4
1586197602.2945,126.84194946289,206.46618652344,-2.5,4
1586197602.4081,127.25790405273,206.46176147461,-2.5,4
1586197602.5158,127.67388916016,206.45736694336,-2.5,4
1586197602.6226,128.10192871094,206.45291137695,-2.5,4
1586197602.7364,128.58984375,206.44786071777,-2.5,4
1586197602.8451,129.01376342773,206.44355773926,-2.5,4
1586197602.9528,129.43374633789,206.43920898438,-2.5,4
1586197603.0605,129.91377258301,206.43418884277,-2.5,4
1586197603.1693,130.30577087402,206.43019104004,-2.5,4
1586197603.2836,130.79777526855,206.42530822754,-2.5,4
1586197603.3913,131.22575378418,206.42109680176,-2.5,4
1586197603.4981,131.64965820313,206.41709899902,-2.5,4
1586197603.6119,132.06970214844,206.41326904297,-2.5,4
1586197603.7201,132.4857635498,206.4094543457,-2.5,4
1586197603.8269,132.9698638916,206.40505981445,-2.5,4
1586197603.9346,133.3738861084,206.4013671875,-2.5,4
1586197604.0493,133.86190795898,206.39695739746,-2.5,4
1586197604.1565,134.29386901855,206.39311218262,-2.5,4
1586197604.2633,134.7018737793,206.38958740234,-2.5,4
1586197604.3775,135.1138458252,206.38616943359,-2.5,4
1586197604.4853,135.60182189941,206.38209533691,-2.5,4
1586197604.5939,136.02180480957,206.37852478027,-2.5,4
1586197604.7017,136.44180297852,206.37503051758,-2.5,4
1586197604.8163,136.93775939941,206.37106323242,-2.5,4
1586197604.925,137.36976623535,206.36758422852,-2.5,4
1586197605.0323,137.78567504883,206.36419677734,-2.5,4
1586197605.1397,138.20562744141,206.3607635498,-2.5,4
1586197605.2474,138.6296081543,206.3572845459,-2.5,4
1586197605.3621,139.05364990234,206.35401916504,-2.5,4
1586197605.4708,139.5537109375,206.35014343262,-2.5,4
1586197605.5769,139.97369384766,206.34700012207,-2.5,4
1586197605.6906,140.39700317383,206.32720947266,-2.5,4
1586197605.7993,140.81367492676,206.25036621094,-2.5,4
1586197605.906,141.21614074707,206.11784362793,-2.5,4
1586197606.0131,141.61054992676,205.97344970703,-2.5,4
1586197606.1278,142.07341003418,205.80673217773,-2.5,4
1586197606.2346,142.46586608887,205.64706420898,-2.5,4
1586197606.3432,142.82713317871,205.43360900879,-2.5,4
1586197606.4509,143.14991760254,205.1716003418,-2.5,4
1586197606.5646,143.52085876465,204.8483581543,-2.5,4
1586197606.6734,143.83598327637,204.57681274414,-2.5,4
1586197606.7811,144.14741516113,204.29536437988,-2.5,4
1586197606.8888,144.4162902832,203.96810913086,-2.5,4
1586197607.0035,144.69145202637,203.56504821777,-2.5,4
1586197607.1112,144.92822265625,203.22303771973,-2.5,4
1586197607.2193,145.1318359375,202.93099975586,-2.5,4
1586197607.3256,145.42514038086,202.49220275879,-2.5,4
1586197607.4396,145.60154724121,202.1116027832,-2.5,4
1586197607.5484,145.71913146973,201.70042419434,-2.5,4
1586197607.6561,145.83770751953,201.22291564941,-2.5,4
1586197607.7638,145.94230651855,200.81202697754,-2.5,4
1586197607.8785,146.01821899414,200.39945983887,-2.5,4
1586197607.9862,146.03253173828,199.98387145996,-2.5,4
1586197608.0949,146.0404510498,199.49194335938,-2.5,4
1586197608.2027,146.04905700684,199.07594299316,-2.5,4
1586197608.3102,146.0569152832,198.72412109375,-2.5,4
1586197608.4259,146.06886291504,198.20826721191,-2.5,4
1586197608.5336,146.07891845703,197.7914276123,-2.4782319068909,4
1586197608.6413,146.08901977539,197.3890838623,-2.3732089996338,4
1586197608.749,146.10096740723,196.9171295166,-2.2503008842468,4
1586197608.8567,146.11125183105,196.5108795166,-2.1445116996765,4
1586197608.9724,146.12307739258,196.04670715332,-2.0235650539398,4
1586197609.0791,146.13345336914,195.63655090332,-1.9168229103088,4
1586197609.1868,146.14366149902,195.2342376709,-1.8119897842407,4
1586197609.2946,146.15391540527,194.82795715332,-1.7062520980835,4
1586197609.4083,146.16426086426,194.41781616211,-1.5994439125061,4
1586197609.5159,146.17625427246,193.94581604004,-1.4765226840973,4
1586197609.6229,146.18659973145,193.53964233398,-1.3706870079041,4
1586197609.7366,146.1968536377,193.13348388672,-1.2649166584015,4
1586197609.8442,146.2073059082,192.71949768066,-1.157167673111,4
1586197609.9522,146.21827697754,192.28614807129,-1.0443443059921,4
1586197610.0599,146.22853088379,191.87948608398,-0.93552815914154,4
1586197610.1757,146.240234375,191.40441894531,-0.82397794723511,4
1586197610.2833,146.25025939941,190.99940490723,-0.72905278205872,4
1586197610.3901,146.26039123535,190.59051513672,-0.63321936130524,4
1586197610.4977,146.2707824707,190.17007446289,-0.53468370437622,4
1586197610.6124,146.28088378906,189.76123046875,-0.43885588645935,4
1586197610.7211,146.2918548584,189.31750488281,-0.33480983972549,4
1586197610.8278,146.30339050293,188.85047912598,-0.22535061836243,4
1586197610.9355,146.31341552734,188.44564819336,-0.13051617145538,4
1586197611.0442,146.32353210449,188.03695678711,-0.034731686115265,4
1586197611.1585,146.33503723145,187.55513000488,0,4
1586197611.2646,146.34518432617,187.1273651123,0,4
1586197611.3782,146.35525512695,186.70359802246,0,4
1586197611.4854,146.36502075195,186.29182434082,0,4
1586197611.594,146.37632751465,185.81205749512,0,4
1586197611.7017,146.38604736328,185.40022277832,0,4
1586197611.8095,146.39601135254,184.98042297363,0,4
1586197611.9252,146.40768432617,184.4886932373,0,4
1586197612.0325,146.41757202148,184.07287597656,0,4
1586197612.1392,146.42761230469,183.64910888672,0,4
1586197612.2534,146.43754577637,183.22932434082,0,4
1586197612.3611,146.44912719727,182.74166870117,0,4
1586197612.4699,146.45918273926,182.31790161133,0,4
1586197612.5775,146.46925354004,181.89408874512,0,4
1586197612.6853,146.47929382324,181.47033691406,0,4
1586197612.794,146.48924255371,181.05059814453,0,4
1586197612.9077,146.50096130371,180.55493164063,0,4
1586197613.0145,146.51092529297,180.1351776123,0,4
1586197613.1286,146.5210723877,179.7074432373,0,4
1586197613.2363,146.53102111816,179.28768920898,0,4
1586197613.3446,146.54244995117,178.80393981934,0,4
1586197613.4513,146.55075073242,178.45213317871,0,4
1586197613.566,146.56225585938,177.96838378906,0,4
1586197613.6744,146.5721282959,177.55261230469,0,4
1586197613.782,146.58369445801,177.06488037109,0,4
1586197613.8888,146.59371948242,176.64112854004,0,4
1586197614.0025,146.60369873047,176.21737670898,0,4
1586197614.1101,146.61328125,175.81356811523,0,4
1586197614.2188,146.62501525879,175.31784057617,0,4
1586197614.3256,146.63499450684,174.89804077148,0,4
1586197614.4392,146.64471435547,174.48623657227,0,4
1586197614.548,146.65617370605,174.00244140625,0,4
1586197614.6553,146.66622924805,173.57865905762,0,4
1586197614.763,146.67607116699,173.16282653809,0,4
1586197614.8777,146.68754577637,172.68307495117,0,4
1586197614.9854,146.69757080078,172.25930786133,0,4
1586197615.0942,146.70718383789,171.85147094727,0,4
1586197615.2015,146.71711730957,171.43167114258,0,4
1586197615.3153,146.72869873047,170.94389343262,0,4
1586197615.423,146.73867797852,170.52404785156,0,4
1586197615.5306,146.7486114502,170.10821533203,0,4
1586197615.6384,146.75848388672,169.69242858887,0,4
1586197615.7521,146.77027893066,169.19276428223,0,4
1586197615.8588,146.78025817871,168.77299499512,0,4
1586197615.9674,146.79014587402,168.35722351074,0,4
1586197616.0812,146.80186462402,167.86549377441,0,4
1586197616.1883,146.81184387207,167.44171142578,0,4
1586197616.2961,146.8217010498,167.02590942383,0,4
1586197616.4097,146.83163452148,166.60614013672,0,4
1586197616.5174,146.841796875,166.17837524414,0,4
1586197616.6247,146.85168457031,165.7625579834,0,4
1586197616.7315,146.86323547363,165.27481079102,0,4
1586197616.8481,146.87321472168,164.85502624512,0,4
1586197616.9558,146.88471984863,164.37127685547,0,4
1586197617.0626,146.89460754395,163.95545959473,0,4
1586197617.1704,146.90458679199,163.53562927246,0,4
1586197617.285,146.91455078125,163.11587524414,0,4
1586197617.3914,146.92562866211,162.64813232422,0,4
1586197617.4991,146.9354095459,162.23634338379,0,4
1586197617.6063,146.94538879395,161.81649780273,0,4
1586197617.723,146.95707702637,161.32475280762,0,4
1586197617.8309,146.9670715332,160.90498352051,0,4
1586197617.9375,146.97700500488,160.48519897461,0,4
1586197618.0453,146.98712158203,160.05743408203,0,4
1586197618.1599,146.9986114502,159.57369995117,0,4
1586197618.2676,147.00868225098,159.14991760254,0,4
1586197618.3754,147.01858520508,158.73408508301,0,4
1586197618.483,147.02862548828,158.31028747559,0,4
1586197618.5917,147.03863525391,157.88647460938,0,4
1586197618.7064,147.05015563965,157.39865112305,0,4
1586197618.8141,147.06086730957,156.9468536377,0,4
1586197618.9227,147.07104492188,156.51908874512,0,4
1586197619.0296,147.08108520508,156.09538269043,0,4
1586197619.1432,147.09118652344,155.66764831543,0,4
1586197619.2509,147.10107421875,155.25187683105,0,4
1586197619.3586,147.11117553711,154.82411193848,0,4
1586197619.4673,147.12286376953,154.33235168457,0,4
1586197619.5811,147.1329498291,153.90856933594,0,4
1586197619.6878,147.14286804199,153.48878479004,0,4
1586197619.7964,147.1529083252,153.06494140625,0,4
1586197619.9041,147.16287231445,152.64511108398,0,4
1586197620.0179,147.17462158203,152.14938354492,0,4
1586197620.1246,147.18464660645,151.72961425781,0,4
1586197620.2382,147.19456481934,151.30982971191,0,4
1586197620.3467,147.20474243164,150.87802124023,0,4
1586197620.4545,147.21630859375,150.39024353027,0,4
1586197620.5621,147.22677612305,149.95037841797,0,4
1586197620.6704,147.23666381836,149.53453063965,0,4
1586197620.7847,147.24676513672,149.11071777344,0,4
1586197620.8925,147.25665283203,148.69096374512,0,4
1586197621.0002,147.26669311523,148.26718139648,0,4
1586197621.107,147.27767944336,147.81796264648,-0.10172879695892,4
1586197621.2227,147.28987121582,147.34855651855,-0.2484176158905,4
1586197621.3294,147.30017089844,146.95162963867,-0.3724552989006,4
1586197621.4366,147.31047058105,146.55471801758,-0.49649059772491,4
1586197621.5453,147.32067871094,146.16165161133,-0.61932444572449,4
1586197621.66,147.3328704834,145.69223022461,-0.76601839065552,4
1586197621.7678,147.34329223633,145.2915802002,-0.89122176170349,4
1586197621.8745,147.35369873047,144.89091491699,-1.0164303779602,4
1586197621.9822,147.36401367188,144.4940032959,-1.1404643058777,4
1586197622.0908,147.33428955078,144.0950012207,-1.2651525735855,4
1586197622.2037,147.2339630127,143.63525390625,-1.4088238477707,4
1586197622.3104,147.14836120605,143.24281311035,-1.5314621925354,4
1586197622.419,147.06195068359,142.84666442871,-1.6552579402924,4
1586197622.5327,146.96325683594,142.39442443848,-1.7965836524963,4
1586197622.6404,146.87767028809,142.00202941895,-1.9192066192627,4
1586197622.7476,146.79290771484,141.61332702637,-2.0406761169434,4
1586197622.8609,146.69506835938,141.16494750977,-2.1807951927185,4
1586197622.9697,146.61027526855,140.7763671875,-2.3022263050079,4
1586197623.0774,146.52711486816,140.3952331543,-2.4213309288025,4
1586197623.1851,146.44055175781,139.99208068848,-2.5060205459595,4
1586197623.3008,146.34613037109,139.51731872559,-2.5,4
1586197623.4081,146.25691223145,139.10710144043,-2.5,4
1586197623.5158,146.10171508789,138.71722412109,-2.5,4
1586197623.6235,145.93350219727,138.33668518066,-2.5,4
1586197623.7372,145.73779296875,137.89395141602,-2.5,4
1586197623.8459,145.54208374023,137.45118713379,-2.5,4
1586197623.9536,145.37225341797,137.06695556641,-2.5,4
1586197624.0614,145.19749450684,136.6895904541,-2.5,4
1586197624.1701,144.97030639648,136.34126281738,-2.5,4
1586197624.2849,144.69619750977,135.9375,-2.5,4
1586197624.3924,144.45803833008,135.58670043945,-2.5,4
1586197624.5001,144.22654724121,135.24580383301,-2.5,4
1586197624.6079,143.9906463623,134.89833068848,-2.5,4
1586197624.7166,143.72729492188,134.56661987305,-2.5,4
1586197624.8293,143.40948486328,134.19650268555,-2.5,4
1586197624.9358,143.13334655762,133.87492370605,-2.5,4
1586197625.0515,142.8415222168,133.53506469727,-2.5,4
1586197625.1591,142.5705871582,133.21952819824,-2.5,4
1586197625.2668,142.25019836426,132.84635925293,-2.5,4
1586197625.3745,141.97666931152,132.52784729004,-2.5,4
1586197625.4813,141.70056152344,132.20629882813,-2.5,4
1586197625.5969,141.43225097656,131.89375305176,-2.5,4
1586197625.7046,141.11703491211,131.5266418457,-2.5,4
1586197625.8123,140.88777160645,131.25965881348,-2.5,4
1586197625.9201,140.55955505371,130.87739562988,-2.5,4
1586197626.0337,140.28601074219,130.55879211426,-2.5,4
1586197626.1414,140.01509094238,130.24324035645,-2.5,4
1586197626.2482,139.72071838379,129.900390625,-2.5,4
1586197626.3616,139.40550231934,129.53321838379,-2.5,4
1586197626.4703,139.13456726074,129.21768188477,-2.5,4
1586197626.5777,138.85842895508,128.89605712891,-2.5,4
1586197626.6849,138.59010314941,128.58355712891,-2.5,4
1586197626.8016,138.27487182617,128.21643066406,-2.5,4
1586197626.9092,138.0013885498,127.89785766602,-2.5,4
1586197627.017,137.73054504395,127.58238220215,-2.5,4
1586197627.1247,137.45709228516,127.26385498047,-2.5,4
1586197627.2324,137.18101501465,126.94229888916,-2.5,4
1586197627.3481,136.84756469727,126.55396270752,-2.5,4
1586197627.4559,136.57670593262,126.23848724365,-2.5,4
1586197627.5626,136.30322265625,125.91996765137,-2.5,4
1586197627.6712,136.0323638916,125.60447692871,-2.5,4
1586197627.7849,135.71200561523,125.23136138916,-2.5,4
1586197627.8927,135.44116210938,124.9158706665,-2.5,4
1586197627.9994,135.1676940918,124.59733581543,-2.5,4
1586197628.1071,134.8551940918,124.23330688477,-2.5,4
1586197628.2225,134.58695983887,123.92083740234,-2.5,4
1586197628.3293,134.30305480957,123.59014892578,-2.5,4
1586197628.4368,134.02958679199,123.27160644531,-2.5,4
1586197628.5454,133.75350952148,122.95006561279,-2.5,4
1586197628.6532,133.43055725098,122.5739364624,-2.5,4
1586197628.7679,133.15705871582,122.2554397583,-2.5,4
1586197628.8745,132.92784118652,121.98847198486,-2.5,4
1586197628.9823,132.59446716309,121.60014343262,-2.5,4
1586197629.0978,132.27151489258,121.22399902344,-2.5,4
1586197629.2056,132.00326538086,120.9115524292,-2.5,4
1586197629.3134,131.73243713379,120.59606933594,-2.5,4
1586197629.4211,131.45634460449,120.27450561523,-2.5,4
1586197629.5287,131.18286132813,119.95594787598,-2.5,4
1586197629.6425,130.86512756348,119.58584594727,-2.5,4
1586197629.7501,130.59684753418,119.27338409424,-2.5,4
1586197629.8569,130.32600402832,118.95787811279,-2.5,4
1586197629.9726,130.00563049316,118.58477783203,-2.5,4
1586197630.0793,129.73216247559,118.26622772217,-2.5,4
1586197630.1869,129.45606994629,117.94467926025,-2.5,4
1586197630.2956,129.18782043457,117.63220977783,-2.5,4
1586197630.4034,128.91172790527,117.31065368652,-2.5,4
1586197630.5171,128.59660339355,116.94357299805,-2.5,4
1586197630.6247,128.32313537598,116.62506103516,-2.5,4
1586197630.732,128.05490112305,116.31261444092,-2.5,4
1586197630.8474,127.73453521729,115.93946838379,-2.5,4
1586197630.9551,127.45844268799,115.6178894043,-2.5,4
1586197631.0628,127.18236541748,115.2963104248,-2.5,4
1586197631.1715,126.90627288818,114.97473907471,-2.5,4
1586197631.2792,126.63018798828,114.65313720703,-2.5,4
1586197631.3938,126.37339782715,114.24904632568,-2.5,4
1586197631.5015,126.23181915283,113.84166717529,-2.5,4
1586197631.6092,126.11591339111,113.42559051514,-2.5,4
1586197631.7181,126.00107574463,113.01338195801,-2.5,4
1586197631.8257,125.8904876709,112.61661529541,-2.5,4
1586197631.9385,125.75634002686,112.13507843018,-2.5,4
1586197632.0471,125.64361572266,111.73059844971,-2.5,4
1586197632.1548,125.53410339355,111.33771514893,-2.5,4
1586197632.2695,125.41815948486,110.92160797119,-2.5,4
1586197632.3772,125.29901885986,110.49396514893,-2.5,4
1586197632.4847,125.18417358398,110.08172607422,-2.5,4
1586197632.5925,125.05534362793,109.61946868896,-2.5,4
1586197632.7058,124.94476318359,109.22270965576,-2.5,4
1586197632.813,124.83205413818,108.81823730469,-2.5,4
1586197632.9213,124.70108032227,108.34827423096,-2.5,4
1586197633.029,124.58623504639,107.93605804443,-2.5,4
1586197633.1435,124.47673034668,107.54318237305,-2.5,4
1586197633.2508,124.36190795898,107.13095855713,-2.5,4
1586197633.3585,124.24597167969,106.71485137939,-2.5,4
1586197633.4672,124.13326263428,106.31034088135,-2.5,4
1586197633.582,124.00230407715,105.84033203125,-2.5,4
1586197633.6897,123.88851165771,105.43197631836,-2.5,4
1586197633.7984,123.7758102417,105.02746582031,-2.5,4
1586197633.906,123.64377593994,104.55361938477,-2.5,4
1586197634.0128,123.52891540527,104.14138793945,-2.5,4
1586197634.1265,123.40761566162,103.70603942871,-2.5,4
1586197634.2341,123.29383087158,103.29766082764,-2.5,4
1586197634.3427,123.1799621582,102.88957977295,-2.5,4
1586197634.4505,123.06673431396,102.48673248291,-2.4578950405121,4
1586197634.5642,122.95244598389,102.08007049561,-2.4215998649597,4
1586197634.6719,122.82092285156,101.61204528809,-2.3798308372498,4
1586197634.7787,122.70771789551,101.20922851563,-2.3601908683777,4
1586197634.8924,122.59944152832,100.81047058105,-2.2804627418518,4
1586197635,122.4900970459,100.40496063232,-2.1984770298004,4
1586197635.1077,122.38278961182,100.00702667236,-2.118022441864,4
1586197635.2164,122.25813293457,99.544639587402,-2.0245394706726,4
1586197635.3302,122.14597320557,99.136039733887,-2.0027842521667,4
1586197635.4369,122.03489685059,98.731269836426,-1.9880340099335,4
1586197635.5456,121.90690612793,98.264747619629,-1.9710350036621,4
1586197635.6533,121.81378173828,97.925476074219,-1.9586672782898,4
1586197635.7666,121.68239593506,97.451477050781,-1.9521713256836,4
1586197635.8733,121.5877456665,97.112449645996,-1.9543743133545,4
1586197635.9866,121.43700408936,96.627723693848,-1.9564471244812,4
1586197636.0953,121.21473693848,96.193496704102,-1.952246427536,4
1586197636.203,121.01937866211,95.826263427734,-1.9481782913208,4
1586197636.3098,120.82403564453,95.459045410156,-1.9441103935242,4
1586197636.424,120.59720611572,95.031967163086,-1.9394042491913,4
1586197636.5316,120.39038085938,94.672843933105,-1.896005153656,4
1586197636.6393,120.13272094727,94.342971801758,-1.861918926239,4
1586197636.7471,119.8703918457,94.011611938477,-1.8274245262146,4
1586197636.8617,119.60805511475,93.68025970459,-1.7929303646088,4
1586197636.9704,119.30043792725,93.292098999023,-1.8123717308044,4
1586197637.0781,119.06470489502,92.994651794434,-1.8310403823853,4
1586197637.1859,118.79913330078,92.659622192383,-1.8520708084106,4
1586197637.3015,118.49639129639,92.27766418457,-1.8760452270508,4
1586197637.4092,118.23081970215,91.942642211914,-1.8970754146576,4
1586197637.5169,117.97023773193,91.613899230957,-1.9177107810974,4
1586197637.6242,117.70946502686,91.285217285156,-1.9383399486542,4
1586197637.7317,117.44273376465,90.950645446777,-1.9250576496124,4
1586197637.8484,117.13860321045,90.56916809082,-1.9167716503143,4
1586197637.9551,116.87186431885,90.234619140625,-1.9095056056976,4
1586197638.0628,116.60759735107,89.903160095215,-1.9023070335388,4
1586197638.1715,116.30843353271,89.527954101563,-1.8941586017609,4
1586197638.2792,116.04417419434,89.196517944336,-1.8876638412476,4
1586197638.3929,115.78717041016,88.874786376953,-1.8739931583405,4
1586197638.4997,115.52262878418,88.543724060059,-1.8599298000336,4
1586197638.6073,115.25313568115,88.206428527832,-1.8455989360809,4
1586197638.7161,114.98950958252,87.874664306641,-1.8557124137878,4
1586197638.8307,114.68628692627,87.492668151855,-1.8707320690155,4
1586197638.9385,114.42780303955,87.167030334473,-1.883535861969,4
1586197639.0472,114.16186523438,86.832008361816,-1.8967084884644,4
1586197639.1546,113.89840698242,86.500106811523,-1.9157450199127,4
1586197639.2683,113.57984924316,86.106239318848,-1.9592123031616,4
1586197639.3761,113.31302642822,85.778747558594,-1.9951090812683,4
1586197639.4824,113.04875183105,85.454360961914,-2.0306668281555,4
1586197639.598,112.77690887451,85.12068939209,-2.0672421455383,4
1586197639.7054,112.51263427734,84.796310424805,-2.1128883361816,4
1586197639.8127,112.2435836792,84.459098815918,-2.1019258499146,4
1586197639.9214,111.94369506836,84.07926940918,-2.0900845527649,4
1586197640.0282,111.68841552734,83.755958557129,-2.0800051689148,4
1586197640.1418,111.38854980469,83.376152038574,-2.0681672096252,4
1586197640.2495,111.1283493042,83.046630859375,-2.0578937530518,4
1586197640.3563,110.86814880371,82.717086791992,-2.0476200580597,4
1586197640.4719,110.61240386963,82.38907623291,-2.0377757549286,4
1586197640.5796,110.3770904541,81.962425231934,-2.0365982055664,4
1586197640.6864,110.19351959229,81.584671020508,-2.0385217666626,4
1586197640.7951,110.00994873047,81.206939697266,-2.0404438972473,4
1586197640.9097,109.82636260986,80.829238891602,-2.0473136901855,4
1586197641.0175,109.64186859131,80.447647094727,-2.0350604057312,4
1586197641.1243,109.46385192871,79.990295410156,-2.0257475376129,4
1586197641.2379,109.36740112305,79.581504821777,-2.0254707336426,4
1586197641.3459,109.27374267578,79.184463500977,-2.0252101421356,4
1586197641.4529,109.19263458252,78.776847839355,-2.0268862247467,4
1586197641.5607,109.14926147461,78.294815063477,-2.035578250885,4
1586197641.6763,109.10589599609,77.812789916992,-2.0442709922791,4
1586197641.783,109.06827545166,77.394493103027,-2.0518162250519,4
1586197641.8903,109.03064727783,76.976226806641,-2.0593593120575,4
1586197641.9977,108.99327850342,76.557907104492,-2.066680431366,4
1586197642.1115,108.95499420166,76.148132324219,-2.0859189033508,4
1586197642.2202,108.90965270996,75.662780761719,-2.1086719036102,4
1586197642.3266,108.86913299561,75.229118347168,-2.1290009021759,4
1586197642.4412,108.83009338379,74.811416625977,-2.1485803127289,4
1586197642.5499,108.79069519043,74.389739990234,-2.1683475971222,4
1586197642.6576,108.75130462646,73.968070983887,-2.1951742172241,4
1586197642.7653,108.7035446167,73.487991333008,-2.2342462539673,4
1586197642.872,108.66168212891,73.067428588867,-2.268411397934,4
1586197642.9857,108.62159729004,72.642295837402,-2.2822775840759,4
1586197643.0944,108.58683776855,72.227920532227,-2.2723701000214,4
1586197643.2021,108.55205535889,71.813552856445,-2.2627558708191,4
1586197643.3163,108.51160430908,71.33145904541,-2.2515749931335,4
1586197643.4243,108.4768447876,70.91707611084,-2.2551510334015,4
1586197643.5319,108.43161773682,70.431327819824,-2.2679715156555,4
1586197643.6396,108.39552307129,70.017105102539,-2.2793021202087,4
1586197643.7474,108.42244720459,69.603492736816,-2.3035390377045,4
1586197643.8616,108.5411605835,69.13224029541,-2.3490557670593,4
1586197643.9708,108.63735961914,68.797828674316,-2.3404998779297,4
1586197644.0787,108.74571228027,68.421157836914,-2.3354303836823,4
1586197644.1865,108.88832092285,67.925315856934,-2.3287444114685,4
1586197644.2942,109.00221252441,67.529403686523,-2.3234133720398,4
1586197644.4091,109.13822174072,67.056632995605,-2.3183424472809,4
1586197644.5168,109.25490570068,66.653274536133,-2.3039863109589,4
1586197644.6245,109.37284851074,66.250411987305,-2.2899143695831,4
1586197644.7382,109.49411010742,65.836036682129,-2.2816653251648,4
1586197644.8469,109.70024871826,65.395645141602,-2.2520351409912,4
1586197644.9546,109.90646362305,65.03018951416,-2.2345290184021,4
1586197645.0623,110.10877990723,64.671699523926,-2.2173728942871,4
1586197645.1711,110.34838104248,64.247062683105,-2.19704246521,4
1586197645.2847,110.55262756348,63.885078430176,-2.1797118186951,4
1586197645.3925,110.75685119629,63.52307510376,-2.1603212356567,4
1586197645.5002,110.9642791748,63.158981323242,-2.1277701854706,4
1586197645.6069,111.20858001709,62.740200042725,-2.0826597213745,4
1586197645.7236,111.42254638672,62.37866973877,-2.0253822803497,4
1586197645.8313,111.64862060547,61.996685028076,-1.9648640155792,4
1586197645.9388,111.86058044434,61.63858795166,-1.9080965518951,4
1586197646.0466,112.06359100342,61.267108917236,-1.8567228317261,4
1586197646.1539,112.26468658447,60.899143218994,-1.8331460952759,4
1586197646.2681,112.5002746582,60.468105316162,-1.8055245876312,4
1586197646.3751,112.7074508667,60.089687347412,-1.7882804870605,4
1586197646.4815,112.90845489502,59.725551605225,-1.7963075637817,4
1586197646.5978,113.14616394043,59.29487991333,-1.8054010868073,4
1586197646.7055,113.35097503662,58.923721313477,-1.8129253387451,4
1586197646.8123,113.5558013916,58.552558898926,-1.8206176757813,4
1586197646.9209,113.75645446777,58.18371963501,-1.8284015655518,4
1586197647.0346,113.90941619873,57.797191619873,-1.8393235206604,4
1586197647.1423,114.05804443359,57.400279998779,-1.850946187973,4
1586197647.25,114.20947265625,56.995887756348,-1.8627877235413,4
1586197647.3577,114.38195037842,56.535335540771,-1.8770859241486,4
1586197647.4734,114.52669525146,56.150081634521,-1.8978915214539,4
1586197647.5812,114.69393157959,55.705074310303,-1.9219160079956,4
1586197647.6885,114.84442138672,55.304988861084,-1.9435095787048,4
1586197647.7972,114.99494934082,54.904903411865,-1.9651012420654,4
1586197647.905,115.14547729492,54.504814147949,-1.9866933822632,4
1586197648.0127,115.29456329346,54.108455657959,-2.0080859661102,4
1586197648.1274,115.44506072998,53.708351135254,-2.0296802520752,4
1586197648.2346,115.59272003174,53.315715789795,-2.0499231815338,4
1586197648.3433,115.76644134521,52.85147857666,-2.0663368701935,4
1586197648.4511,115.91323852539,52.458255767822,-2.0802416801453,4
1586197648.5647,116.05815124512,52.068717956543,-2.0500497817993,4
1586197648.6734,116.22817230225,51.61177444458,-2.0298323631287,4
1586197648.7802,116.37638092041,51.214588165283,-2.0228281021118,4
1586197648.8879,116.4984588623,50.813453674316,-2.0149369239807,4
1586197649.0015,116.53262329102,50.395816802979,-2.0039610862732,4
1586197649.1084,116.47574615479,49.984783172607,-1.9904701709747,4
1586197649.217,116.36589050293,49.513759613037,-1.9736828804016,4
1586197649.3317,116.27149963379,49.108913421631,-1.9592547416687,4
1586197649.4384,116.17710113525,48.704044342041,-1.9448261260986,4
1586197649.5471,116.06548309326,48.22522354126,-1.9277622699738,4
1586197649.6548,115.9719619751,47.824268341064,-1.913471698761,4
1586197649.769,115.87754821777,47.419425964355,-1.8990435600281,4
1586197649.8767,115.76666259766,46.944469451904,-1.8907752037048,4
1586197649.9844,115.67086029053,46.535568237305,-1.8941631317139,4
1586197650.0931,115.57521057129,46.126857757568,-1.9065854549408,4
1586197650.2009,115.48054504395,45.722110748291,-1.9224057197571,4
1586197650.3147,115.37040710449,45.25118637085,-1.940812587738,4
1586197650.4234,115.22402191162,44.858749389648,-1.9567794799805,4
1586197650.5301,114.99289703369,44.504634857178,-1.9723253250122,4
1586197650.6377,114.69253540039,44.21265411377,-1.9864053726196,4
1586197650.7524,114.2735748291,43.965309143066,-2.0015025138855,4
1586197650.8589,113.87334442139,43.841121673584,-2.0185735225677,4
1586197650.9675,113.47359466553,43.74275970459,-2.0338687896729,4
1586197651.0752,113.06608581543,43.642482757568,-2.0494611263275,4
1586197651.188,112.58873748779,43.525012969971,-2.0677266120911,4
1586197651.2962,112.17346954346,43.422824859619,-2.0836160182953,4
1586197651.4035,111.76210021973,43.321376800537,-2.099353313446,4
1586197651.5182,111.28858947754,43.203380584717,-2.0904347896576,4
1586197651.6259,110.89276123047,43.065399169922,-2.0889248847961,4
1586197651.7334,110.5192489624,42.86478805542,-2.0920689105988,4
1586197651.8412,110.150390625,42.663974761963,-2.09534907341,4
1586197651.9548,109.721824646,42.430641174316,-2.1070394515991,4
1586197652.0616,109.41228485107,42.264572143555,-2.1300683021545,4
1586197652.1693,108.9761505127,42.030567169189,-2.1625282764435,4
1586197652.2839,108.61389923096,41.836208343506,-2.1894888877869,4
1586197652.3918,108.18481445313,41.605972290039,-2.2214257717133,4
1586197652.4985,107.81303405762,41.404670715332,-2.2935125827789,4
1586197652.6121,107.44004058838,41.201801300049,-2.3734600543976,4
1586197652.7208,107.07746124268,41.004581451416,-2.4511768817902,4
1586197652.8285,106.72180938721,40.811115264893,-2.5274083614349,4
1586197652.9363,106.35302734375,40.610080718994,-2.5,4
1586197653.0515,105.92102813721,40.374584197998,-2.5,4
1586197653.1592,105.54875946045,40.171630859375,-2.5,4
1586197653.2667,105.18692016602,39.974395751953,-2.5,4
1586197653.3744,104.76189422607,39.742706298828,-2.5,4
1586197653.4819,104.40007781982,39.545478820801,-2.5,4
1586197653.5982,103.97504425049,39.313785552979,-2.5,4
1586197653.7056,103.59927368164,39.108932495117,-2.5,4
1586197653.8119,103.23048400879,38.907897949219,-2.5,4
1586197653.9191,102.85472869873,38.703044891357,-2.5,4
1586197654.0337,102.48944091797,38.50390625,-2.5,4
1586197654.1414,102.11019134521,38.297161102295,-2.5,4
1586197654.2492,101.73094177246,38.090404510498,-2.5,4
1586197654.3569,101.35865783691,37.887470245361,-2.5,4
1586197654.4736,100.93013000488,37.653884887695,-2.5,4
1586197654.5813,100.56483459473,37.454753875732,-2.5,4
1586197654.689,100.13981628418,37.22306060791,-2.5,4
1586197654.7978,99.757064819336,37.014385223389,-2.5,4
1586197654.9045,99.39176940918,36.815258026123,-2.5,4
1586197655.0182,99.015998840332,36.610416412354,-2.5,4
1586197655.1248,98.647201538086,36.409366607666,-2.5,4
1586197655.2325,98.278396606445,36.208332061768,-2.5,4
1586197655.3407,97.846412658691,35.972835540771,-2.5,4
1586197655.4554,97.48112487793,35.773712158203,-2.5,4
1586197655.5631,97.115844726563,35.57458114624,-2.5,4
1586197655.6719,96.736595153809,35.367832183838,-2.5,4
1586197655.7792,96.30460357666,35.132335662842,-2.5,4
1586197655.894,95.932327270508,34.929401397705,-2.5,4
1586197656.0005,95.556564331055,34.724563598633,-2.5,4
1586197656.1082,95.171241760254,34.547824859619,-2.5,4
1586197656.217,94.781028747559,34.371868133545,-2.5,4
1586197656.3307,94.33251953125,34.169631958008,-2.5,4
1586197656.4384,93.938636779785,33.992023468018,-2.5,4
1586197656.5471,93.552108764648,33.817726135254,-2.5,4
1586197656.6549,93.169242858887,33.645084381104,-2.5,4
1586197656.7626,92.7900390625,33.474082946777,-2.5,4
1586197656.8773,92.341552734375,33.271835327148,-2.5,4
1586197656.9849,91.958702087402,33.099201202393,-2.5,4
1586197657.0936,91.568473815918,32.923244476318,-2.5,4
1586197657.2013,91.189308166504,32.752265930176,-2.5,4
1586197657.315,90.74446105957,32.551677703857,-2.5,4
1586197657.4232,90.357917785645,32.377380371094,-2.5,4
1586197657.5305,89.975074768066,32.204742431641,-2.5,4
1586197657.6382,89.595886230469,32.033752441406,-2.5,4
1586197657.7529,89.143676757813,31.829820632935,-2.5,4
1586197657.8606,88.760772705078,31.657136917114,-2.5,4
1586197657.9683,88.377861022949,31.484455108643,-2.5,4
1586197658.075,87.989250183105,31.314985275269,-2.5,4
1586197658.1896,87.600135803223,31.156873703003,-2.5,4
1586197658.2983,87.136947631836,30.968660354614,-2.5,4
1586197658.4058,86.747848510742,30.810562133789,-2.5,4
1586197658.5135,86.347648620605,30.647941589355,-2.5,4
1586197658.6282,85.962257385254,30.49133682251,-2.5,4
1586197658.7358,85.573165893555,30.333232879639,-2.5,4
1586197658.8446,85.124977111816,30.151180267334,-2.5,4
1586197658.9514,84.737144470215,29.994031906128,-2.460040807724,4
1586197659.0655,84.341041564941,29.836296081543,-2.4239621162415,4
1586197659.1736,83.930572509766,29.737579345703,-2.3893365859985,4
1586197659.2814,83.453582763672,29.642189025879,-2.3499310016632,4
1586197659.3888,83.050521850586,29.56134223938,-2.327935218811,4
1586197659.5035,82.63102722168,29.476703643799,-2.3244655132294,4
1586197659.6105,82.215454101563,29.3928565979,-2.3243803977966,4
1586197659.7187,81.800994873047,29.312747955322,-2.2848539352417,4
1586197659.8265,81.324020385742,29.220548629761,-2.2393734455109,4
1586197659.9412,80.904319763184,29.147361755371,-2.2002167701721,4
1586197660.0498,80.489883422852,29.144088745117,-2.1690437793732,4
1586197660.1575,80.067108154297,29.156021118164,-2.1456050872803,4
1586197660.2649,79.579498291016,29.163837432861,-2.1630699634552,4
1586197660.3779,79.155807495117,29.170616149902,-2.1782083511353,4
1586197660.4856,78.736137390137,29.17734336853,-2.1932044029236,4
1586197660.5942,78.316421508789,29.184215545654,-2.2082352638245,4
1586197660.702,77.972496032715,29.190486907959,-2.214129447937,4
1586197660.8157,77.972496032715,29.190486907959,-2.214129447937,4
1586197660.9234,77.972496032715,29.190486907959,-2.214129447937,4
1586197661.0311,77.972496032715,29.190486907959,-2.214129447937,4
1586197661.1388,77.972496032715,29.190486907959,-2.214129447937,4
1586197661.2529,77.972496032715,29.190486907959,-2.214129447937,4
1586197661.3606,76.639495849609,29.214736938477,-2.2335729598999,4
1586197661.4692,76.267562866211,29.5325050354,-2.2852120399475,4
1586197661.5761,75.953086853027,29.801206588745,-2.3294987678528,4
1586197661.6902,75.635276794434,30.072868347168,-2.3683500289917,4
1586197661.7989,75.263008117676,30.391115188599,-2.4148149490356,4
1586197661.9061,74.948654174805,30.66258430481,-2.4302818775177,4
1586197662.0129,74.626640319824,30.931396484375,-2.4484603404999,4
1586197662.1276,74.272819519043,31.149639129639,-2.4598414897919,4
1586197662.2352,73.825805664063,31.32738494873,-2.4633033275604,4
1586197662.3441,73.428894042969,31.466491699219,-2.4642915725708,4
1586197662.4518,73.021347045898,31.557470321655,-2.4595284461975,4
1586197662.5654,72.630783081055,31.70067024231,-2.4612050056458,4
1586197662.6741,72.236465454102,31.845258712769,-2.4628989696503,4
1586197662.7818,71.774719238281,31.991640090942,-2.4623274803162,4
1586197662.8895,71.374229431152,32.105003356934,-2.462334394455,4
1586197662.9973,70.819725036621,32.125556945801,-2.441418170929,4
1586197663.1109,70.454566955566,32.324687957764,-2.4306652545929,4
1586197663.2193,70.023239135742,32.561008453369,-2.4178619384766,4
1586197663.327,69.644485473633,32.76851272583,-2.4067025184631,4
1586197663.4348,69.272773742676,32.972160339355,-2.395751953125,4
1586197663.5501,68.894050598145,33.179660797119,-2.384596824646,4
1586197663.6579,68.522331237793,33.383316040039,-2.3736462593079,4
1586197663.7648,68.15062713623,33.586959838867,-2.3699488639832,4
1586197663.8725,67.7900390625,33.785423278809,-2.3466334342957,4
1586197663.9863,67.353218078613,34.026977539063,-2.3181576728821,4
1586197664.0949,66.982772827148,34.231819152832,-2.2982091903687,4
1586197664.2017,66.616737365723,34.434986114502,-2.2605693340302,4
1586197664.315,66.191955566406,34.671215057373,-2.2169101238251,4
1586197664.4229,65.829849243164,34.872570037842,-2.1796932220459,4
1586197664.5296,65.460762023926,35.077823638916,-2.141765832901,4
1586197664.6432,65.095161437988,35.281116485596,-2.1041896343231,4
1586197664.7509,64.722602844238,35.488292694092,-2.0658988952637,4
1586197664.8586,64.353515625,35.693538665771,-2.0279650688171,4
1586197664.9673,63.927108764648,35.928527832031,-2,4
1586197665.0808,63.558567047119,36.12854385376,-2.0261149406433,4
1586197665.1875,63.190189361572,36.328151702881,-2.0552303791046,4
1586197665.295,62.765689849854,36.55818939209,-2.088782787323,4
1586197665.4093,62.400829315186,36.755908966064,-2.1176211833954,4
1586197665.5157,62.032455444336,36.955520629883,-2.1467366218567,4
1586197665.6228,61.664073944092,37.155136108398,-2.1758527755737,4
1586197665.7363,61.232551574707,37.388938903809,-2.2099766731262,4
1586197665.844,60.87113571167,37.586471557617,-2.2048513889313,4
1586197665.9516,60.510604858398,37.784351348877,-2.1752238273621,4
1586197666.0663,60.136531829834,37.990058898926,-2.1444931030273,4
1586197666.175,59.706512451172,38.226543426514,-2.1091620922089,4
1586197666.2827,59.332450866699,38.432250976563,-2.0784330368042,4
1586197666.3895,58.965370178223,38.634113311768,-2.0482723712921,4
1586197666.4971,58.601776123047,38.834072113037,-2.0184035301208,4
1586197666.6119,58.177581787109,39.066020965576,-2,4
1586197666.7206,57.805213928223,39.268745422363,-2,4
1586197666.8273,57.439853668213,39.467643737793,-2,4
1586197666.9348,57.070987701416,39.668445587158,-2,4
1586197667.0505,56.635372161865,39.905597686768,-2,4
1586197667.1582,56.266506195068,40.106399536133,-2,4
1586197667.2659,55.901153564453,40.305290222168,-2,4
1586197667.3732,55.528770446777,40.508010864258,-2,4
1586197667.4871,55.159900665283,40.70881652832,-2,4
1586197667.5957,54.700607299805,40.904396057129,-2,4
1586197667.7026,54.306064605713,41.04829788208,-2,4
1586197667.8102,53.907764434814,41.193576812744,-2,4
1586197667.9255,53.513214111328,41.33748626709,-2,4
1586197668.0333,53.058555603027,41.503341674805,-2,4
1586197668.1401,52.660251617432,41.648616790771,-2,4
1586197668.2533,52.243160247803,41.800746917725,-2,4
1586197668.361,51.848606109619,41.944652557373,-2,4
1586197668.4696,51.45405960083,42.088558197021,-2,4
1586197668.5773,50.995632171631,42.255764007568,-2,4
1586197668.6851,50.597324371338,42.401031494141,-2,4
1586197668.8017,50.206539154053,42.543571472168,-2,4
1586197668.9094,49.811988830566,42.687469482422,-2,4
1586197669.0172,49.349800109863,42.856048583984,-2,4
1586197669.1249,48.96654510498,42.99585723877,-2,4
1586197669.2328,48.571998596191,43.139755249023,-2,4
1586197669.3414,48.177452087402,43.283660888672,-2,4
1586197669.4561,47.722785949707,43.449504852295,-2,4
1586197669.5638,47.332004547119,43.592052459717,-2,4
1586197669.6725,46.941219329834,43.734588623047,-2,4
1586197669.7792,46.546676635742,43.878490447998,-2,4
1586197669.8939,46.114543914795,44.036098480225,-2,4
1586197670.0016,45.659873962402,44.201942443848,-2,4
1586197670.1094,45.261562347412,44.347213745117,-2,4
1586197670.218,44.893306732178,44.481517791748,-2,4
1586197670.3258,44.438636779785,44.647369384766,-2,4
1586197670.4405,44.044078826904,44.791271209717,-2,4
1586197670.5483,43.645763397217,44.936542510986,-2,4
1586197670.6559,43.258728027344,45.077724456787,-2,4
1586197670.7627,42.804061889648,45.243560791016,-2,4
1586197670.8764,42.413269042969,45.38610458374,-2,4
1586197670.984,42.014957427979,45.53137588501,-2,4
1586197671.0924,41.560283660889,45.69722366333,-2,4
1586197671.2001,41.1657371521,45.841136932373,-2,4
1586197671.3137,40.767421722412,45.986400604248,-2,4
1586197671.4224,40.37287902832,46.130310058594,-2,4
1586197671.5301,39.910678863525,46.298889160156,-2,4
1586197671.6438,39.519889831543,46.441436767578,-2,4
1586197671.7515,39.121574401855,46.586715698242,-2,4
1586197671.8593,38.730781555176,46.729251861572,-2,4
1586197671.968,38.268592834473,46.897827148438,-2,4
1586197672.0758,37.870281219482,47.043102264404,-2,4
1586197672.1904,37.479488372803,47.185646057129,-2,4
1586197672.2981,37.062381744385,47.337779998779,-2,4
1586197672.4058,36.679103851318,47.477603912354,-2,4
1586197672.5132,36.212322235107,47.645137786865,-2,4
1586197672.6278,35.79662322998,47.725128173828,-2,4
1586197672.7346,35.372150421143,47.779693603516,-2,4
1586197672.8433,34.947681427002,47.834266662598,-2,4
1586197672.9509,34.527168273926,47.888328552246,-2,4
1586197673.0644,34.043182373047,47.950546264648,-2,4
1586197673.1717,33.62663269043,48.004096984863,-2,4
1586197673.2848,33.214054107666,48.05712890625,-2,4
1586197673.3925,32.793537139893,48.111190795898,-2,4
1586197673.4986,32.373016357422,48.165252685547,-2,4
1586197673.6063,31.960424423218,48.218296051025,-2,4
1586197673.7219,31.468452453613,48.281532287598,-2,4
1586197673.8296,31.055824279785,48.334552764893,-2,4
1586197673.9373,30.567817687988,48.397281646729,-2,4
1586197674.0461,30.147258758545,48.45133972168,-2,4
1586197674.1597,29.72670173645,48.505397796631,-2,4
1586197674.2665,29.31011390686,48.558940887451,-2,4
1586197674.3732,28.891101837158,48.581958770752,-2,4
1586197674.4868,28.403177261353,48.591175079346,-2,4
1586197674.5956,27.987236022949,48.599025726318,-2,4
1586197674.7033,27.571298599243,48.606884002686,-2,4
1586197674.8105,27.147348403931,48.614917755127,-2,4
1586197674.9193,26.795392990112,48.62158203125,-2,4
1586197675.0335,26.243467330933,48.632053375244,-2,4
1586197675.1406,25.823532104492,48.639995574951,-2,4
1586197675.2474,25.39959526062,48.648017883301,-2,4
1586197675.3606,24.899663925171,48.657493591309,-2,4
1586197675.4684,24.483728408813,48.665351867676,-2,4
1586197675.5751,24.063787460327,48.673294067383,-2,4
1586197675.6897,23.639846801758,48.681308746338,-2,4
1586197675.7985,23.155925750732,48.690456390381,-2,4
1586197675.9061,22.735996246338,48.698394775391,-2,4
1586197676.0129,22.316059112549,48.706340789795,-2,4
1586197676.1266,21.82413482666,48.715633392334,-2,4
1586197676.2343,21.396192550659,48.723739624023,-2,4
1586197676.343,20.97625541687,48.731670379639,-2,4
1586197676.4567,20.552320480347,48.739681243896,-2,4
1586197676.5634,20.128383636475,48.747699737549,-2,4
1586197676.6716,19.708444595337,48.755630493164,-2,4
1586197676.7793,19.224519729614,48.764770507813,-2,4
1586197676.8939,18.804582595825,48.772701263428,-2,4
1586197677.0016,18.384651184082,48.780632019043,-2,4
1586197677.1085,17.900737762451,48.789768218994,-2,4
1586197677.2162,17.47679901123,48.797790527344,-2,4
1586197677.3298,17.064868927002,48.805564880371,-2,4
1586197677.4375,16.648935317993,48.813423156738,-2,4
1586197677.5462,16.161012649536,48.822643280029,-2,4
1586197677.6539,15.741079330444,48.830593109131,-2,4
1586197677.7676,15.321151733398,48.838523864746,-2,4
1586197677.8743,14.893218040466,48.84663772583,-2,4
1586197677.9871,14.397295951843,48.856029510498,-2,4
1586197678.0957,13.977365493774,48.863967895508,-2,4
1586197678.2035,13.5534324646,48.871990203857,-2,4
1586197678.3102,13.133502006531,48.879920959473,-2,4
1586197678.4189,12.717572212219,48.88777923584,-2,4
1586197678.5331,12.233654975891,48.896923065186,-2,4
1586197678.6404,11.818774223328,48.904811859131,-2,4
1586197678.7471,11.40208530426,48.912857055664,-1.932558298111,4
1586197678.8614,10.910000801086,48.922355651855,-1.8710560798645,4
1586197678.9702,10.521095275879,48.929840087891,-1.8225197792053,4
1586197679.0779,10.044882774353,48.939018249512,-1.7629101276398,4
1586197679.1846,9.6281967163086,48.947059631348,-1.7108325958252,4
1586197679.3003,9.2154788970947,48.955032348633,-1.6592359542847,4
1586197679.407,8.7233953475952,48.964538574219,-1.5977263450623,4
1586197679.5138,8.3106775283813,48.972499847412,-1.5461447238922,4
1586197679.6274,7.893994808197,48.980537414551,-1.4940524101257,4
1586197679.7352,7.4177875518799,48.98970413208,-1.4345264434814,4
1586197679.8429,6.9931702613831,48.997909545898,-1.3814570903778,4
1586197679.9507,6.5883927345276,49.00569152832,-1.3308521509171,4
1586197680.0644,6.1717119216919,49.013729095459,-1.2787671089172,4
1586197680.173,5.7272515296936,49.022300720215,-1.2232171297073,4
1586197680.2808,5.3145394325256,49.030250549316,-1.1716281175613,4
1586197680.3886,4.8978590965271,49.03829574585,-1.1195431947708,4
1586197680.5024,4.4057793617249,49.047794342041,-1.0580331087112,4
1586197680.6098,3.98513007164,49.055904388428,-1.0054442882538,4
1586197680.7185,3.5615954399109,49.071781158447,-1,4
1586197680.8264,3.1505770683289,49.156360626221,-1,4
1586197680.9401,2.6803243160248,49.27091217041,-1,4
1586197681.0478,2.2767922878265,49.371841430664,-1,4
1586197681.1551,1.8878194093704,49.538421630859,-1,4
1586197681.2628,1.522047162056,49.736560821533,-1,4
1586197681.3776,1.1130692958832,50.000881195068,-1,4
1586197681.4842,0.82529592514038,50.30016708374,-1,4
1586197681.5929,0.60723209381104,50.658130645752,-1,4
1586197681.7006,0.42287051677704,51.035488128662,-1,4
1586197681.8143,0.20865154266357,51.473949432373,-1,4
1586197681.922,0.024286154657602,51.851314544678,-1,4
1586197682.0295,-0.16008472442627,52.228679656982,-1,4
1586197682.1442,-0.37956249713898,52.677932739258,-1,4
1586197682.252,-0.56392574310303,53.05530166626,-1,4
1586197682.3592,-0.73459452390671,53.438674926758,-1,4
1586197682.4678,-0.82881033420563,53.855464935303,-1,4
1586197682.5755,-0.89324915409088,54.2624168396,-1,4
1586197682.6902,-0.97145140171051,54.756275177002,-1,4
1586197682.7989,-1.0365105867386,55.167148590088,-1,4
1586197682.9062,-1.101570725441,55.578025817871,-1,4
1586197683.0131,-1.1660062074661,55.984954833984,-1,4
1586197683.1269,-1.2423268556595,56.466938018799,-1,4
1586197683.2346,-1.3067647218704,56.873882293701,-1,4
1586197683.3433,-1.3718229532242,57.284763336182,-1,4
1586197683.4509,-1.4487668275833,57.770713806152,-1,4
1586197683.5656,-1.5156999826431,58.193454742432,-1,4
1586197683.6744,-1.5820094347,58.612239837646,-1,4
1586197683.7821,-1.6470671892166,59.023128509521,-1,4
1586197683.8898,-1.7233864068985,59.505115509033,-1,4
1586197684.0038,-1.789070725441,59.919944763184,-1,4
1586197684.1105,-1.8547550439835,60.334781646729,-1,4
1586197684.2192,-1.919815659523,60.745655059814,-1,4
1586197684.3263,-1.996138215065,61.227653503418,-1,4
1586197684.4396,-2.0465452671051,61.644256591797,-1,4
1586197684.5483,-2.0276019573212,62.067672729492,-1,4
1586197684.6557,-2.0014691352844,62.482887268066,-1,4
1586197684.7693,-1.9352048635483,62.965484619141,-1,4
1586197684.876,-1.8487074375153,63.372386932373,-1,4
1586197684.9828,-1.7613823413849,63.783210754395,-1,4
1586197685.0914,-1.667550444603,64.188323974609,-1,4
1586197685.2052,-1.4676535129547,64.62776184082,-1,4
1586197685.3128,-1.2531015872955,64.988845825195,-1,4
1586197685.4215,-1.0195395946503,65.332374572754,-1,4
1586197685.5292,-0.66109883785248,65.661598205566,-1,4
1586197685.6439,-0.30656218528748,65.886680603027,-1,4
1586197685.7516,0.046086955815554,66.107368469238,-1,4
1586197685.8584,0.40550446510315,66.332313537598,-1,4
1586197685.9662,0.80900406837463,66.584815979004,-1,4
1586197686.0795,1.1684147119522,66.809730529785,-1,4
1586197686.1872,1.5360043048859,67.036567687988,-1,4
1586197686.2956,1.9774632453918,67.211334228516,-1,4
1586197686.4089,2.3966112136841,67.297691345215,-1,4
1586197686.5166,2.8107435703278,67.36548614502,-1,4
1586197686.6241,3.2265903949738,67.375160217285,-1,4
1586197686.7376,3.7065269947052,67.383178710938,-1.1540957689285,4
1586197686.8463,4.1292128562927,67.39070892334,-1.2705928087234,4
1586197686.954,4.5340332984924,67.398056030273,-1.3822674751282,4
1586197687.0617,4.9427094459534,67.405456542969,-1.495005607605,4
1586197687.1704,5.3475279808044,67.412788391113,-1.6066799163818,4
1586197687.2841,5.8101797103882,67.421180725098,-1.7343077659607,4
1586197687.3918,6.2072906494141,67.42839050293,-1.8438556194305,4
1586197687.4995,6.6815042495728,67.436958312988,-1.9746730327606,4
1586197687.6072,7.0901765823364,67.444374084473,-2.0874102115631,4
1586197687.7159,7.4975905418396,67.451629638672,-2.1925497055054,4
1586197687.8293,7.9215383529663,67.458686828613,-2,4
1586197687.937,7.93958568573,67.465538024902,-2,4
1586197688.0457,8.0610189437866,67.473640441895,-2,4
1586197688.1594,7.9878988265991,67.480529785156,-2,4
1586197688.2672,7.9946241378784,67.487602233887,-2,4
1586197688.3744,7.9432845115662,67.476142883301,-2,4
1586197688.4822,7.5377101898193,67.383522033691,-2.2071299552917,4
1586197688.5978,7.5377101898193,67.383522033691,-2.2071299552917,4
