240,nil,nil
1587084347.3518,98.121406555176,206.87344360352,-2.5,4
1587084347.4665,98.121406555176,206.87344360352,-2.5,4
1587084347.5752,98.121406555176,206.87344360352,-2.5,4
1587084347.6819,98.121406555176,206.87344360352,-2.5,4
1587084347.7897,98.121406555176,206.87344360352,-2.5,4
1587084347.9035,98.32527923584,206.86680603027,-2.5,4
1587084348.0102,98.74104309082,206.85322570801,-2.5,4
1587084348.1189,99.160797119141,206.83946228027,-2.5,4
1587084348.2266,99.576568603516,206.82588195801,-2.5,4
1587084348.34,100.06031036377,206.81002807617,-2.5,4
1587084348.4487,100.47606658936,206.79643249512,-2.5,4
1587084348.556,100.89981842041,206.78256225586,-2.5,4
1587084348.6702,101.39550018311,206.7663269043,-2.5,4
1587084348.7775,101.80725860596,206.75289916992,-2.5,4
1587084348.8848,102.23097991943,206.73901367188,-2.5,4
1587084348.9935,102.66270446777,206.72480773926,-2.5,4
1587084349.1082,103.14242553711,206.70910644531,-2.5,4
1587084349.216,103.57014465332,206.69511413574,-2.5,4
1587084349.3244,103.99391174316,206.68119812012,-2.5,4
1587084349.4321,104.41365814209,206.66749572754,-2.5,4
1587084349.5398,104.88938903809,206.65199279785,-2.5,4
1587084349.6545,105.30912780762,206.63827514648,-2.5,4
1587084349.7622,105.72486877441,206.62466430664,-2.5,4
1587084349.8709,106.14859008789,206.61079406738,-2.5,4
1587084349.9786,106.63229370117,206.59497070313,-2.5,4
1587084350.0863,107.0640335083,206.58082580566,-2.5,4
1587084350.2016,107.47577667236,206.56736755371,-2.5,4
1587084350.3088,107.89952087402,206.55352783203,-2.5,4
1587084350.4165,108.39121246338,206.53739929199,-2.5,4
1587084350.5242,108.81094360352,206.52368164063,-2.5,4
1587084350.638,109.21871185303,206.51036071777,-2.5,4
1587084350.7468,109.69843292236,206.49468994141,-2.5,4
1587084350.8535,110.12217712402,206.48078918457,-2.5,4
1587084350.9612,110.54591369629,206.46690368652,-2.5,4
1587084351.0779,110.96565246582,206.45314025879,-2.5,4
1587084351.1848,111.38938140869,206.43930053711,-2.5,4
1587084351.2919,111.8850402832,206.42304992676,-2.5,4
1587084351.3983,112.29677581787,206.4095916748,-2.5,4
1587084351.5119,112.70854949951,206.3962097168,-2.5,4
1587084351.6201,113.192237854,206.38043212891,-2.5,4
1587084351.7278,113.61198425293,206.36672973633,-2.5,4
1587084351.8418,114.03971099854,206.35269165039,-2.5,4
1587084351.9505,114.52340698242,206.3369140625,-2.5,4
1587084352.0568,114.94714355469,206.32304382324,-2.5,4
1587084352.164,115.37086486816,206.3091583252,-2.5,4
1587084352.2777,115.79458618164,206.29531860352,-2.5,4
1587084352.3854,116.21432495117,206.28160095215,-2.5,4
1587084352.4937,116.63804626465,206.26774597168,-2.5,4
1587084352.607,117.13372039795,206.25157165527,-2.5,4
1587084352.7137,117.5574798584,206.23767089844,-2.5,4
1587084352.8221,117.97323608398,206.22410583496,-2.5,4
1587084352.9299,118.38900756836,206.2105255127,-2.5,4
1587084353.0432,118.88069152832,206.19450378418,-2.5,4
1587084353.1511,119.29644012451,206.1809387207,-2.5,4
1587084353.2576,119.71619415283,206.16723632813,-2.5,4
1587084353.3743,120.20387268066,206.15130615234,-2.5,4
1587084353.482,120.62358856201,206.13760375977,-2.5,4
1587084353.5897,121.04331970215,206.12391662598,-2.5,4
1587084353.6979,121.46702575684,206.11009216309,-2.5,4
1587084353.8056,121.87879180908,206.09666442871,-2.5,4
1587084353.9193,122.37448120117,206.08045959473,-2.5,4
1587084354.027,122.73026275635,206.06878662109,-2.5,4
1587084354.1347,123.22596740723,206.05261230469,-2.5,4
1587084354.2431,123.64967346191,206.03874206543,-2.5,4
1587084354.3569,124.07341003418,206.02490234375,-2.5,4
1587084354.4646,124.56909179688,206.00868225098,-2.5,4
1587084354.5734,124.99282836914,205.99482727051,-2.5,4
1587084354.6804,125.41257476807,205.9810333252,-2.5,4
1587084354.7941,125.82833862305,205.96737670898,-2.5,4
1587084354.9021,126.3080291748,205.95162963867,-2.5,4
1587084355.0086,126.7237701416,205.93795776367,-2.5,4
1587084355.1173,127.1395111084,205.92431640625,-2.5,4
1587084355.231,127.62321472168,205.90843200684,-2.5,4
1587084355.3387,128.05093383789,205.89434814453,-2.5,4
1587084355.4474,128.470703125,205.88052368164,-2.5,4
1587084355.5551,128.87847900391,205.86715698242,-2.5,4
1587084355.6694,129.38212585449,205.85049438477,-2.5,4
1587084355.7771,129.80186462402,205.83676147461,-2.5,4
1587084355.8848,130.21762084961,205.82307434082,-2.5,4
1587084355.9934,130.62939453125,205.80961608887,-2.5,4
1587084356.1081,131.12107849121,205.79345703125,-2.5,4
1587084356.215,131.53681945801,205.77984619141,-2.5,4
1587084356.3232,131.95257568359,205.76620483398,-2.5,4
1587084356.4309,132.37231445313,205.75242614746,-2.5,4
1587084356.5456,132.8639831543,205.73622131348,-2.5,4
1587084356.6533,133.28370666504,205.72241210938,-2.5,4
1587084356.761,133.70742797852,205.70846557617,-2.5,4
1587084356.8694,134.12716674805,205.69468688965,-2.5,4
1587084356.9767,134.55088806152,205.68078613281,-2.5,4
1587084357.0914,135.0345916748,205.66494750977,-2.5,4
1587084357.2001,135.45028686523,205.65132141113,-2.5,4
1587084357.3088,135.86999511719,205.63752746582,-2.5,4
1587084357.4165,136.34965515137,205.62178039551,-2.5,4
1587084357.5234,136.76544189453,205.60809326172,-2.5,4
1587084357.6367,137.18115234375,205.59446716309,-2.5,4
1587084357.7454,137.67279052734,205.57832336426,-2.5,4
1587084357.8528,138.08851623535,205.56468200684,-2.5,4
1587084357.9671,138.56817626953,205.54895019531,-2.5,4
1587084358.0753,138.99992370605,205.53480529785,-2.5,4
1587084358.183,139.42366027832,205.52088928223,-2.5,4
1587084358.2908,139.85137939453,205.50682067871,-2.5,4
1587084358.3985,140.27113342285,205.49299621582,-2.5,4
1587084358.5132,140.69486999512,205.4790802002,-2.5,4
1587084358.6209,141.1785736084,205.46319580078,-2.5,4
1587084358.7284,141.59834289551,205.44946289063,-2.5,4
1587084358.8361,142.01411437988,205.43577575684,-2.5,4
1587084358.9528,142.50971984863,205.41949462891,-2.5,4
1587084359.0598,142.86029052734,205.39210510254,-2.5,4
1587084359.1675,143.32279968262,205.25389099121,-2.5,4
1587084359.2747,143.68832397461,205.04078674316,-2.5,4
1587084359.389,144.0087890625,204.76347351074,-2.5,4
1587084359.4967,144.36866760254,204.43983459473,-2.5,4
1587084359.6044,144.6809387207,204.15895080566,-2.5,4
1587084359.7117,144.99322509766,203.8780670166,-2.5,4
1587084359.8272,145.35905456543,203.54907226563,-2.5,4
1587084359.9335,145.67433166504,203.26556396484,-2.5,4
1587084360.0407,145.98957824707,202.98202514648,-2.5,4
1587084360.1484,146.25547790527,202.67356872559,-2.5,4
1587084360.2631,146.4578704834,202.2974395752,-2.5,4
1587084360.3708,146.61387634277,201.84355163574,-2.5,4
1587084360.4785,146.74687194824,201.44940185547,-2.5,4
1587084360.5858,146.8824005127,201.04763793945,-2.5,4
1587084360.7021,147.03964233398,200.58143615723,-2.5,4
1587084360.8098,147.17387390137,200.18347167969,-2.5,4
1587084360.9172,147.27084350586,199.77568054199,-2.5,4
1587084361.0245,147.29209899902,199.34846496582,-2.5,4
1587084361.139,147.30540466309,198.92866516113,-2.5,4
1587084361.2461,147.31893920898,198.50094604492,-2.5,4
1587084361.3538,147.33251953125,198.0732421875,-2.5226728916168,4
1587084361.461,147.34831237793,197.59657287598,-2.4271743297577,4
1587084361.5777,147.36196899414,197.19413757324,-2.3223743438721,4
1587084361.6856,147.37561035156,196.79168701172,-2.2175736427307,4
1587084361.7931,147.39189147949,196.31188964844,-2.0926911830902,4
1587084361.9008,147.40534973145,195.91331481934,-1.9888319969177,4
1587084362.0144,147.41938781738,195.49926757813,-1.8810720443726,4
1587084362.1231,147.43312072754,195.09298706055,-1.7752025127411,4
1587084362.2309,147.44912719727,194.62097167969,-1.6523485183716,4
1587084362.3385,147.46273803711,194.21852111816,-1.5474762916565,4
1587084362.4473,147.47645568848,193.81234741211,-1.4417009353638,4
1587084362.555,147.49049377441,193.3984375,-1.333975315094,4
1587084362.6683,147.50434875488,192.98840332031,-1.2271312475204,4
1587084362.7758,147.52008056641,192.52416992188,-1.1062363386154,4
1587084362.8835,147.53366088867,192.12178039551,-1.0014472007751,4
1587084362.9996,147.54940795898,191.65548706055,-0.88282251358032,4
1587084363.1074,147.56297302246,191.25463867188,-0.78882551193237,4
1587084363.2141,147.57693481445,190.83813476563,-0.69125771522522,4
1587084363.3228,147.55192565918,190.4347076416,-0.59664750099182,4
1587084363.4301,147.48672485352,190.02697753906,-0.50113165378571,4
1587084363.5446,147.41227722168,189.56159973145,-0.39200937747955,4
1587084363.652,147.34884643555,189.16548156738,-0.29916954040527,4
1587084363.7597,147.27439880371,188.70013427734,-0.19010359048843,4
1587084363.8674,147.2098236084,188.2963104248,-0.09550678730011,4
1587084363.9822,147.1851348877,187.89834594727,0,4
1587084364.0894,147.16540527344,187.41886901855,0,4
1587084364.1981,147.14794921875,186.99531555176,0,4
1587084364.3049,147.13084411621,186.57981872559,0,4
1587084364.4189,147.11056518555,186.08833312988,0,4
1587084364.5261,147.09295654297,185.66079711914,0,4
1587084364.6336,147.07553100586,185.23722839355,0,4
1587084364.75,147.05877685547,184.82969665527,0,4
1587084364.8574,147.03854370117,184.33824157715,0,4
1587084364.9645,147.04365539551,183.92256164551,0,4
1587084365.0722,147.05595397949,183.5068359375,0,4
1587084365.1796,147.06828308105,183.0910949707,0,4
1587084365.2933,147.08288574219,182.59939575195,0,4
1587084365.401,147.09545898438,182.17567443848,0,4
1587084365.514,147.10768127441,181.76391601563,0,4
1587084365.6223,147.12048339844,181.33219909668,0,4
1587084365.7298,147.1329498291,180.91242980957,0,4
1587084365.8375,147.14753723145,180.4207611084,0,4
1587084365.9528,147.1598815918,180.00508117676,0,4
1587084366.0601,147.17230224609,179.58544921875,0,4
1587084366.1675,147.18678283691,179.09783935547,0,4
1587084366.2753,147.19946289063,178.67012023926,0,4
1587084366.3893,147.21188354492,178.25039672852,0,4
1587084366.498,147.22428894043,177.83071899414,0,4
1587084366.605,147.2367401123,177.41101074219,0,4
1587084366.7119,147.24324035645,176.92733764648,0,4
1587084366.8203,147.20979309082,176.51669311523,0,4
1587084366.935,147.17576599121,176.09809875488,0,4
1587084367.0427,147.13621520996,175.61167907715,0,4
1587084367.1494,147.10249328613,175.1969909668,0,4
1587084367.2632,147.06907653809,174.78622436523,0,4
1587084367.3715,147.06861877441,174.29067993164,0,4
1587084367.4783,147.08197021484,173.87086486816,0,4
1587084367.5859,147.09535217285,173.45106506348,0,4
1587084367.7012,147.10865783691,173.03126525879,0,4
1587084367.809,147.12419128418,172.54347229004,0,4
1587084367.9163,147.13725280762,172.13151550293,0,4
1587084368.0236,147.15061950684,171.71166992188,0,4
1587084368.1386,147.16598510742,171.22782897949,0,4
1587084368.2461,147.17907714844,170.8159942627,0,4
1587084368.3524,147.19242858887,170.39619445801,0,4
1587084368.4661,147.2075958252,169.92027282715,0,4
1587084368.5748,147.22080993652,169.50439453125,0,4
1587084368.682,147.23413085938,169.08456420898,0,4
1587084368.7893,147.24740600586,168.66868591309,0,4
1587084368.9034,147.26287841797,168.18086242676,0,4
1587084369.0111,147.27626037598,167.76107788086,0,4
1587084369.1194,147.28944396973,167.34524536133,0,4
1587084369.2271,147.30268859863,166.92944335938,0,4
1587084369.3408,147.31828308105,166.43772888184,0,4
1587084369.4492,147.33174133301,166.01399230957,0,4
1587084369.5559,147.34495544434,165.59815979004,0,4
1587084369.6701,147.35797119141,165.10241699219,0,4
1587084369.7776,147.32746887207,164.68766784668,0,4
1587084369.8842,147.29457092285,164.27299499512,0,4
1587084369.9929,147.26097106934,163.85043334961,0,4
1587084370.1072,147.22271728516,163.36799621582,0,4
1587084370.2135,147.18978881836,162.95336914063,0,4
1587084370.3215,147.15689086914,162.53872680664,0,4
1587084370.436,147.14570617676,162.05505371094,0,4
1587084370.5422,147.14228820801,161.63507080078,0,4
1587084370.6489,147.1389465332,161.22311401367,0,4
1587084370.763,147.13507080078,160.74314880371,0,4
1587084370.8713,147.13168334961,160.32318115234,0,4
1587084370.9788,147.12821960449,159.89526367188,0,4
1587084371.0865,147.12483215332,159.47929382324,0,4
1587084371.1952,147.1213684082,159.05934143066,0,4
1587084371.3096,147.11734008789,158.56340026855,0,4
1587084371.4164,147.11393737793,158.14741516113,0,4
1587084371.524,147.11047363281,157.71946716309,0,4
1587084371.6372,147.10696411133,157.29551696777,0,4
1587084371.7454,147.10301208496,156.81950378418,0,4
1587084371.853,147.09950256348,156.39555358887,0,4
1587084371.9661,147.09596252441,155.96757507324,0,4
1587084372.0746,147.0924987793,155.5396270752,0,4
1587084372.1823,147.08909606934,155.11964416504,0,4
1587084372.2894,147.08508300781,154.63165283203,0,4
1587084372.4027,147.08171081543,154.21563720703,0,4
1587084372.5105,147.07832336426,153.8035736084,0,4
1587084372.6192,147.07482910156,153.37957763672,0,4
1587084372.7264,147.07086181641,152.89163208008,0,4
1587084372.8407,147.0673828125,152.46772766113,0,4
1587084372.9482,147.06384277344,152.03982543945,0,4
1587084373.0553,147.06030273438,151.61190795898,0,4
1587084373.1696,147.05638122559,151.12391662598,0,4
1587084373.2773,147.05299377441,150.69204711914,0,4
1587084373.3847,147.04960632324,150.27604675293,0,4
1587084373.4931,147.04615783691,149.8521270752,0,4
1587084373.6068,147.04277038574,149.42024230957,0,4
1587084373.7138,147.03938293457,148.9923248291,0,4
1587084373.8222,147.03598022461,148.58029174805,0,4
1587084373.9357,147.0320892334,148.09632873535,0,4
1587084374.0421,147.02857971191,147.68530273438,-0.14318370819092,4
1587084374.1492,147.02508544922,147.29209899902,-0.26605987548828,4
1587084374.2632,147.02104187012,146.83018493652,-0.41040796041489,4
1587084374.3719,147.01741027832,146.42555236816,-0.53685617446899,4
1587084374.4795,147.01383972168,146.02093505859,-0.66329896450043,4
1587084374.5875,147.01023864746,145.61627197266,-0.78975486755371,4
1587084374.6958,147.00607299805,145.15060424805,-0.93527686595917,4
1587084374.8087,147.00242614746,144.74214172363,-1.0629209280014,4
1587084374.916,146.99891662598,144.34519958496,-1.1869663000107,4
1587084375.0299,146.99479675293,143.87962341309,-1.3324594497681,4
1587084375.1373,146.99125671387,143.48271179199,-1.4564937353134,4
1587084375.2461,146.98767089844,143.08195495605,-1.5817306041718,4
1587084375.3538,146.98417663574,142.68502807617,-1.7057695388794,4
1587084375.4611,146.9800567627,142.21940612793,-1.8512763977051,4
1587084375.5775,146.97648620605,141.82247924805,-1.9753165245056,4
1587084375.6853,146.97288513184,141.41790771484,-2.1017446517944,4
1587084375.7923,146.96914672852,141.00566101074,-2.230571269989,4
1587084375.9,146.9655456543,140.60493469238,-2.3557996749878,4
1587084376.0138,146.96139526367,140.13223266602,-2.5,4
1587084376.122,146.95793151855,139.72265625,-2.5563652515411,4
1587084376.2288,146.95452880859,139.30667114258,-2.5,4
1587084376.3362,146.92463684082,138.88446044922,-2.5,4
1587084376.453,146.79466247559,138.41864013672,-2.5,4
1587084376.561,146.66928100586,138.01777648926,-2.5,4
1587084376.6688,146.54272460938,137.61312866211,-2.5,4
1587084376.7762,146.39819335938,137.15112304688,-2.5,4
1587084376.8833,146.27046203613,136.74270629883,-2.5,4
1587084376.9923,146.1178894043,136.34358215332,-2.5,4
1587084377.1057,145.88023376465,135.98399353027,-2.5,4
1587084377.2132,145.61924743652,135.66009521484,-2.5,4
1587084377.3213,145.35577392578,135.33311462402,-2.5,4
1587084377.435,145.04965209961,134.95317077637,-2.5,4
1587084377.5428,144.78868103027,134.62928771973,-2.5,4
1587084377.6505,144.52026367188,134.29611206055,-2.5,4
1587084377.7582,144.25483703613,133.97071838379,-2.5,4
1587084377.8743,143.9045715332,133.61935424805,-2.5,4
1587084377.9815,143.6007232666,133.31776428223,-2.5,4
1587084378.0887,143.30535888672,133.02461242676,-2.5,4
1587084378.1968,143.0043182373,132.7258605957,-2.5,4
1587084378.3111,142.65213012695,132.37637329102,-2.5,4
1587084378.4189,142.35394287109,132.08044433594,-2.5,4
1587084378.5261,142.06959533691,131.7772064209,-2.5,4
1587084378.6394,141.76513671875,131.40090942383,-2.5,4
1587084378.7482,141.50096130371,131.07437133789,-2.5,4
1587084378.8559,141.23930358887,130.75094604492,-2.5,4
1587084378.9626,140.97512817383,130.42445373535,-2.5,4
1587084379.0707,140.70886230469,130.09968566895,-2.5,4
1587084379.1841,140.38784790039,129.73223876953,-2.5,4
1587084379.2918,140.11686706543,129.42207336426,-2.5,4
1587084379.3992,139.84060668945,129.10585021973,-2.5,4
1587084379.5133,139.52224731445,128.74147033691,-2.5,4
1587084379.622,139.24333190918,128.42224121094,-2.5,4
1587084379.7289,138.9644317627,128.10296630859,-2.5,4
1587084379.8365,138.68815612793,127.7866897583,-2.5,4
1587084379.9508,138.36979675293,127.4222946167,-2.5,4
1587084380.057,138.09088134766,127.10304260254,-2.5,4
1587084380.1642,137.81460571289,126.7868270874,-2.5,4
1587084380.2779,137.4962310791,126.42247009277,-2.5,4
1587084380.3855,137.21733093262,126.10321044922,-2.5,4
1587084380.4932,136.94371032715,125.79002380371,-2.5,4
1587084380.6062,136.66746520996,125.47378540039,-2.5,4
1587084380.7137,136.38859558105,125.15455627441,-2.5,4
1587084380.822,136.06497192383,124.78406524658,-2.5,4
1587084380.9297,135.79135131836,124.47085571289,-2.5,4
1587084381.044,135.51774597168,124.1576385498,-2.5,4
1587084381.1514,135.20202636719,123.7963104248,-2.5,4
1587084381.2592,134.92314147949,123.47705078125,-2.5,4
1587084381.3681,134.64688110352,123.16086578369,-2.5,4
1587084381.4815,134.3258972168,122.79347991943,-2.5,4
1587084381.5885,134.04960632324,122.47722625732,-2.5,4
1587084381.6956,133.77334594727,122.160987854,-2.5,4
1587084381.8089,133.49444580078,121.84172058105,-2.5,4
1587084381.9158,133.2181854248,121.52550506592,-2.5,4
1587084382.0298,132.89193725586,121.15201568604,-2.5,4
1587084382.1372,132.61567687988,120.8357925415,-2.5,4
1587084382.2452,132.3314666748,120.51049041748,-2.5,4
1587084382.3526,132.05520629883,120.19426727295,-2.5,4
1587084382.4661,131.78157043457,119.88108062744,-2.5,4
1587084382.5744,131.45793151855,119.51064300537,-2.5,4
1587084382.6821,131.18167114258,119.19445037842,-2.5,4
1587084382.7899,130.9054107666,118.87822723389,-2.5,4
1587084382.9044,130.5843963623,118.51084136963,-2.5,4
1587084383.0121,130.30813598633,118.19460296631,-2.5,4
1587084383.1211,130.03187561035,117.87839508057,-2.5,4
1587084383.2286,129.75297546387,117.55910491943,-2.5,4
1587084383.336,129.4766998291,117.2428817749,-2.5,4
1587084383.4514,129.15573120117,116.87546539307,-2.5,4
1587084383.5578,128.87156677246,116.55017089844,-2.5,4
1587084383.664,128.59266662598,116.2308807373,-2.5,4
1587084383.7784,128.31639099121,115.9146270752,-2.5,4
1587084383.8847,128.04011535645,115.59838867188,-2.5,4
1587084383.993,127.76652526855,115.28520965576,-2.5,4
1587084384.1077,127.44816589355,114.92086791992,-2.5,4
1587084384.2142,127.17192077637,114.60466766357,-2.5,4
1587084384.3231,126.85289764404,114.23560333252,-2.5,4
1587084384.4303,126.62557220459,113.88286590576,-2.5,4
1587084384.5445,126.4083480835,113.51870727539,-2.5,4
1587084384.6522,126.19522857666,113.16145324707,-2.5,4
1587084384.7599,125.97595214844,112.79389190674,-2.5,4
1587084384.8686,125.75871276855,112.42974090576,-2.5,4
1587084384.9824,125.54229736328,111.99350738525,-2.5,4
1587084385.0897,125.44738006592,111.58534240723,-2.5,4
1587084385.1984,125.39105224609,111.17323303223,-2.5,4
1587084385.3061,125.32498931885,110.68975067139,-2.5,4
1587084385.4199,125.26919555664,110.2816619873,-2.5,4
1587084385.5275,125.212890625,109.86956787109,-2.5,4
1587084385.6339,125.14683532715,109.38612365723,-2.5,4
1587084385.7487,125.0899810791,108.97003173828,-2.5,4
1587084385.8562,125.03313446045,108.55393981934,-2.5,4
1587084385.9636,124.9762802124,108.13780975342,-2.5,4
1587084386.0724,124.91076660156,107.65837860107,-2.5,4
1587084386.186,124.85496520996,107.2502822876,-2.5,4
1587084386.2933,124.78943634033,106.77083587646,-2.5,4
1587084386.4011,124.74071502686,106.41405487061,-2.5,4
1587084386.5085,124.67359924316,105.92261505127,-2.5,4
1587084386.6241,124.61674499512,105.50651550293,-2.5,4
1587084386.7315,124.56042480469,105.09440612793,-2.5,4
1587084386.8392,124.49382019043,104.60694885254,-2.5,4
1587084386.9475,124.43645477295,104.18684387207,-2.5,4
1587084387.0613,124.37909698486,103.76675415039,-2.5,4
1587084387.168,124.32277679443,103.35465240479,-2.5,4
1587084387.2754,124.26541900635,102.93453979492,-2.5258429050446,4
1587084387.3832,124.21026611328,102.51135253906,-2.5350818634033,4
1587084387.4989,124.15238952637,102.01782226563,-2.4599280357361,4
1587084387.6078,124.10327148438,101.59928131104,-2.4135105609894,4
1587084387.7143,124.05415344238,101.18073272705,-2.3671097755432,4
1587084387.8229,124.00596618652,100.77011108398,-2.3215870857239,4
1587084387.9307,123.92596435547,100.29131317139,-2.2619545459747,4
1587084388.0444,123.79737854004,99.894165039063,-2.2265901565552,4
1587084388.152,123.6702041626,99.501068115234,-2.1819803714752,4
1587084388.2598,123.53833007813,99.09432220459,-2.1647987365723,4
1587084388.3685,123.3879699707,98.630554199219,-2.145206451416,4
1587084388.4832,123.25731658936,98.227600097656,-2.1281819343567,4
1587084388.5896,123.12665557861,97.824630737305,-2.1111543178558,4
1587084388.6984,122.99723052979,97.425498962402,-2.0942900180817,4
1587084388.8058,122.85391235352,97.031517028809,-2.0758409500122,4
1587084388.9205,122.6389541626,96.594223022461,-2.0488483905792,4
1587084389.0271,122.45429229736,96.221694946289,-2.0376973152161,4
1587084389.1348,122.21865844727,95.865348815918,-2.0305516719818,4
1587084389.2435,121.96792602539,95.53360748291,-2.0217142105103,4
1587084389.3583,121.66892242432,95.138084411621,-2.01118516922,4
1587084389.4659,121.41912841797,94.807113647461,-1.9759004116058,4
1587084389.5743,121.16930389404,94.476119995117,-1.9423172473907,4
1587084389.682,120.91709899902,94.141952514648,-1.9084131717682,4
1587084389.7894,120.62406158447,93.753684997559,-1.8690223693848,4
1587084389.9032,120.35653686523,93.437141418457,-1.8348622322083,4
1587084390.0094,120.07526397705,93.116592407227,-1.7995281219482,4
1587084390.1177,119.75930023193,92.756683349609,-1.7977204322815,4
1587084390.2315,119.48780822754,92.447570800781,-1.8185696601868,4
1587084390.3391,119.2084274292,92.129486083984,-1.8400247097015,4
1587084390.4469,118.92370605469,91.805404663086,-1.8618881702423,4
1587084390.5546,118.66640472412,91.469062805176,-1.8947339057922,4
1587084390.6693,118.36920928955,91.07738494873,-1.8854243755341,4
1587084390.7772,118.11491394043,90.743133544922,-1.8775374889374,4
1587084390.8839,117.86064910889,90.408889770508,-1.8696508407593,4
1587084390.9996,117.56520843506,90.020553588867,-1.8604888916016,4
1587084391.1074,117.31092071533,89.686332702637,-1.8526043891907,4
1587084391.2136,117.05428314209,89.348983764648,-1.8446443080902,4
1587084391.3215,116.80241394043,89.017951965332,-1.8368358612061,4
1587084391.435,116.50458526611,88.626480102539,-1.8300998210907,4
1587084391.5414,116.25022888184,88.292510986328,-1.8155007362366,4
1587084391.655,115.99882507324,87.961357116699,-1.8174519538879,4
1587084391.7623,115.7477645874,87.629898071289,-1.8440375328064,4
1587084391.8706,115.48838806152,87.296501159668,-1.8813796043396,4
1587084391.9783,115.18994140625,86.912811279297,-1.9242305755615,4
1587084392.0918,114.93059539795,86.579444885254,-1.9614591598511,4
1587084392.1999,114.67865753174,86.255508422852,-1.9976387023926,4
1587084392.3077,114.38759613037,85.881256103516,-2.0394382476807,4
1587084392.4154,114.13070678711,85.551010131836,-2.076319694519,4
1587084392.5296,113.87385559082,85.220825195313,-2.1131942272186,4
1587084392.6374,113.57292938232,84.833984375,-2.1563954353333,4
1587084392.7461,113.32099151611,84.510055541992,-2.1925737857819,4
1587084392.8534,113.0623626709,84.175834655762,-2.2297790050507,4
1587084392.9611,112.80957794189,83.840576171875,-2.2085816860199,4
1587084393.0778,112.51586151123,83.451026916504,-2.1980917453766,4
1587084393.1855,112.29873657227,83.087333679199,-2.195095539093,4
1587084393.2932,112.09666442871,82.719169616699,-2.1942036151886,4
1587084393.4009,111.89650726318,82.354515075684,-2.1933188438416,4
1587084393.5136,111.66173553467,81.926750183105,-2.1922841072083,4
1587084393.6213,111.45388031006,81.54810333252,-2.1919929981232,4
1587084393.7286,111.25564575195,81.186988830566,-2.1917390823364,4
1587084393.8363,111.05158996582,80.815391540527,-2.191469669342,4
1587084393.9522,110.81314086914,80.380554199219,-2.1911942958832,4
1587084394.0599,110.61268615723,80.011833190918,-2.1722891330719,4
1587084394.1668,110.42652893066,79.631401062012,-2.1596789360046,4
1587084394.2735,110.25396728516,79.248710632324,-2.148886680603,4
1587084394.3881,110.07974243164,78.862365722656,-2.1379911899567,4
1587084394.4958,109.87759399414,78.414077758789,-2.1253519058228,4
1587084394.6035,109.72603607178,78.014640808105,-2.1177229881287,4
1587084394.7112,109.62610626221,77.606712341309,-2.1171953678131,4
1587084394.8279,109.52529907227,77.194877624512,-2.1162359714508,4
1587084394.9356,109.41033172607,76.724739074707,-2.1130599975586,4
1587084395.0428,109.30804443359,76.30916595459,-2.1185221672058,4
1587084395.1503,109.2056350708,75.897857666016,-2.1302030086517,4
1587084395.264,109.1042175293,75.490455627441,-2.1417753696442,4
1587084395.3725,109.0018081665,75.079170227051,-2.1534550189972,4
1587084395.4802,108.90037536621,74.671768188477,-2.1650257110596,4
1587084395.5866,108.76240539551,74.208557128906,-2.1754913330078,4
1587084395.703,108.61602020264,73.810821533203,-2.1915555000305,4
1587084395.8107,108.47257995605,73.425025939941,-2.2084431648254,4
1587084395.9179,108.29988861084,72.960548400879,-2.2374756336212,4
1587084396.0243,108.15493011475,72.558547973633,-2.2114551067352,4
1587084396.138,108.06566619873,72.153457641602,-2.1937572956085,4
1587084396.2468,108.05725860596,71.729904174805,-2.1879513263702,4
1587084396.3544,108.06418609619,71.305931091309,-2.1844635009766,4
1587084396.4621,108.07207489014,70.825973510742,-2.1805219650269,4
1587084396.571,108.07740020752,70.410179138184,-2.1962289810181,4
1587084396.6853,108.09413146973,69.991470336914,-2.2186048030853,4
1587084396.7921,108.19718170166,69.529037475586,-2.2606739997864,4
1587084396.8998,108.30223846436,69.127807617188,-2.3000411987305,4
1587084397.0134,108.41530609131,68.719200134277,-2.2831215858459,4
1587084397.1218,108.54542541504,68.24893951416,-2.2756018638611,4
1587084397.2285,108.6584854126,67.840354919434,-2.2690694332123,4
1587084397.3362,108.76942443848,67.439468383789,-2.2626626491547,4
1587084397.451,108.90071105957,66.97371673584,-2.2557394504547,4
1587084397.5578,109.06730651855,66.602165222168,-2.2645094394684,4
1587084397.6645,109.28303527832,66.24658203125,-2.2709102630615,4
1587084397.7791,109.49877166748,65.890991210938,-2.291074514389,4
1587084397.8865,109.75652313232,65.476867675781,-2.2758400440216,4
1587084397.995,109.983253479,65.114082336426,-2.2627701759338,4
1587084398.1027,110.20788574219,64.75471496582,-2.2498393058777,4
1587084398.2164,110.43039703369,64.398719787598,-2.2370262145996,4
1587084398.3251,110.64868927002,64.049522399902,-2.2244651317596,4
1587084398.4319,110.90933990479,63.632503509521,-2.209456205368,4
1587084398.5456,111.12155151367,63.27624130249,-2.1715281009674,4
1587084398.6533,111.32263183594,62.910160064697,-2.1377019882202,4
1587084398.7605,111.56327056885,62.482048034668,-2.0684087276459,4
1587084398.8693,111.7689743042,62.116065979004,-2.0089886188507,4
1587084398.9767,111.97275543213,61.753532409668,-1.9500925540924,4
1587084399.0913,112.17652893066,61.391010284424,-1.8912365436554,4
1587084399.2001,112.40394592285,60.961463928223,-1.8243932723999,4
1587084399.3071,112.60005950928,60.581775665283,-1.8009014129639,4
1587084399.4208,112.79438018799,60.205646514893,-1.7786712646484,4
1587084399.5285,112.98698425293,59.837009429932,-1.7872431278229,4
1587084399.6356,113.18138122559,59.464790344238,-1.7956557273865,4
1587084399.7438,113.41091156006,59.025184631348,-1.8052299022675,4
1587084399.8515,113.59983062744,58.663642883301,-1.8132343292236,4
1587084399.9646,113.7924118042,58.294982910156,-1.821398973465,4
1587084400.0723,113.98680114746,57.922752380371,-1.8296456336975,4
1587084400.186,114.21086883545,57.493824005127,-1.8391447067261,4
1587084400.2938,114.40526580811,57.121593475342,-1.84739112854,4
1587084400.4015,114.60331726074,56.742240905762,-1.8557982444763,4
1587084400.5083,114.77625274658,56.356105804443,-1.8726654052734,4
1587084400.6245,114.93635559082,55.895801544189,-1.8980712890625,4
1587084400.7324,115.07811737061,55.488346099854,-1.9205586910248,4
1587084400.8391,115.2145614624,55.095958709717,-1.9422175884247,4
1587084400.9468,115.35233306885,54.699798583984,-1.964084148407,4
1587084401.0614,115.51377105713,54.235729217529,-1.9896967411041,4
1587084401.1689,115.65154266357,53.839569091797,-2.0115633010864,4
1587084401.2757,115.78932952881,53.443408966064,-2.033429145813,4
1587084401.3833,115.92446136475,53.054767608643,-2.0543248653412,4
1587084401.4997,116.01786804199,52.57738494873,-2.0729656219482,4
1587084401.6061,116.06561279297,52.156383514404,-2.0531117916107,4
1587084401.7126,116.11335754395,51.735385894775,-2.0365083217621,4
1587084401.821,116.16022491455,51.322334289551,-2.0202171802521,4
1587084401.9347,116.21670532227,50.829753875732,-2.007036447525,4
1587084402.0415,116.25622558594,50.419952392578,-1.9964439868927,4
1587084402.1485,116.21945953369,49.99861907959,-1.983255147934,4
1587084402.2631,116.08919525146,49.592132568359,-1.9677150249481,4
1587084402.3717,115.89475250244,49.13623046875,-1.9488492012024,4
1587084402.4785,115.73141479492,48.753902435303,-1.9352655410767,4
1587084402.5861,115.56764221191,48.371688842773,-1.9248933792114,4
1587084402.7018,115.40071868896,47.982128143311,-1.9143216609955,4
1587084402.8096,115.20808410645,47.538417816162,-1.9127407073975,4
1587084402.9172,114.98375701904,47.184734344482,-1.9302163124084,4
1587084403.0249,114.69132995605,46.889778137207,-1.9294893741608,4
1587084403.1393,114.32789611816,46.564342498779,-1.9348928928375,4
1587084403.248,114.01806640625,46.286922454834,-1.9395003318787,4
1587084403.3553,113.70824432373,46.00951385498,-1.9441080093384,4
1587084403.4628,113.39247131348,45.72673034668,-1.9488015174866,4
1587084403.5715,113.03440093994,45.407218933105,-1.9619839191437,4
1587084403.6858,112.72705841064,45.132957458496,-1.9754993915558,4
1587084403.7925,112.41077423096,44.850708007813,-1.9894082546234,4
1587084403.8993,112.09450531006,44.568584442139,-2.0072875022888,4
1587084404.0136,111.73653411865,44.250137329102,-2.0366735458374,4
1587084404.1223,111.42594909668,43.97350692749,-2.044084072113,4
1587084404.2297,111.11832427979,43.699531555176,-2.0537316799164,4
1587084404.3369,110.73928070068,43.392684936523,-2.063624382019,4
1587084404.4526,110.41244506836,43.141807556152,-2.0712652206421,4
1587084404.5604,110.03163909912,42.849506378174,-2.0801672935486,4
1587084404.6681,109.69848632813,42.593803405762,-2.087954044342,4
1587084404.7758,109.36504364014,42.339954376221,-2.1214642524719,4
1587084404.8895,108.98062896729,42.04850769043,-2.1603252887726,4
1587084404.9972,108.64599609375,41.803871154785,-2.1930630207062,4
1587084405.104,108.27921295166,41.609783172607,-2.2200357913971,4
1587084405.2114,107.91068267822,41.423164367676,-2.2758429050446,4
1587084405.3275,107.48013305664,41.203395843506,-2.3667702674866,4
1587084405.435,107.11256408691,41.015789031982,-2.4443955421448,4
1587084405.5416,106.74851226807,40.829959869385,-2.5212843418121,4
1587084405.6547,106.37482452393,40.6383934021,-2.5,4
1587084405.7622,105.92995452881,40.410343170166,-2.5,4
1587084405.8709,105.6167678833,40.249801635742,-2.5,4
1587084405.9782,105.18260192871,40.027229309082,-2.5,4
1587084406.0922,104.75556945801,39.808300018311,-2.5,4
1587084406.2009,104.37831878662,39.61491394043,-2.5,4
1587084406.3076,104.00465393066,39.423355102539,-2.5,4
1587084406.4153,103.63455200195,39.233604431152,-2.5,4
1587084406.5298,103.20391845703,39.012847900391,-2.5,4
1587084406.6375,102.81242370605,38.812145233154,-2.5,4
1587084406.7448,102.43516540527,38.618759155273,-2.5,4
1587084406.8582,102.06147003174,38.427200317383,-2.5,4
1587084406.9659,101.68063354492,38.231998443604,-2.5,4
1587084407.0746,101.30694580078,38.04044342041,-2.5,4
1587084407.1823,100.87632751465,37.819694519043,-2.5,4
1587084407.2896,100.50979614258,37.631782531738,-2.5,4
1587084407.404,100.14326477051,37.443870544434,-2.5,4
1587084407.5109,99.712631225586,37.223106384277,-2.5,4
1587084407.6196,99.342506408691,37.033355712891,-2.5,4
1587084407.727,98.965255737305,36.839958190918,-2.5,4
1587084407.8402,98.587997436523,36.646560668945,-2.5,4
1587084407.948,98.150253295898,36.4221534729,-2.5,4
1587084408.0554,97.780143737793,36.232421875,-2.5,4
1587084408.1701,97.410034179688,36.042682647705,-2.5,4
1587084408.278,96.97583770752,35.82010269165,-2.5,4
1587084408.3851,96.662643432617,35.659553527832,-2.5,4
1587084408.4929,96.228439331055,35.436965942383,-2.5,4
1587084408.6065,95.851181030273,35.243576049805,-2.5,4
1587084408.7138,95.477470397949,35.05199432373,-2.5,4
1587084408.8215,95.043273925781,34.829402923584,-2.5,4
1587084408.9362,94.666015625,34.636009216309,-2.5,4
1587084409.0439,94.295906066895,34.446258544922,-2.5,4
1587084409.1516,93.865264892578,34.225479125977,-2.5,4
1587084409.2581,93.55207824707,34.064929962158,-2.5,4
1587084409.3745,93.107192993164,33.836875915527,-2.5,4
1587084409.4814,92.733497619629,33.64529800415,-2.5,4
1587084409.5887,92.36336517334,33.455558776855,-2.5,4
1587084409.6989,91.925621032715,33.231147766113,-2.5,4
1587084409.8065,91.559036254883,33.043212890625,-2.5,4
1587084409.9199,91.181785583496,32.849815368652,-2.5,4
1587084410.0275,90.808090209961,32.658252716064,-2.5,4
1587084410.1352,90.373893737793,32.435676574707,-2.5,4
1587084410.243,89.989524841309,32.238632202148,-2.5,4
1587084410.3566,89.608703613281,32.04341506958,-2.5,4
1587084410.4633,89.235008239746,31.851837158203,-2.5,4
1587084410.572,88.861320495605,31.660255432129,-2.5,4
1587084410.6854,88.423545837402,31.435834884644,-2.5,4
1587084410.7917,88.046287536621,31.242431640625,-2.5,4
1587084410.8993,87.679733276367,31.054504394531,-2.5,4
1587084411.0126,87.295349121094,30.857456207275,-2.5,4
1587084411.1214,86.85758972168,30.633045196533,-2.5,4
1587084411.2287,86.48388671875,30.441471099854,-2.5,4
1587084411.3364,86.113754272461,30.251724243164,-2.5,4
1587084411.4528,85.679557800293,30.029132843018,-2.5,4
1587084411.5598,85.299140930176,29.842981338501,-2.5,4
1587084411.6672,84.900909423828,29.730024337769,-2.4608814716339,4
1587084411.7745,84.488166809082,29.639423370361,-2.4264364242554,4
1587084411.8892,84.083229064941,29.550537109375,-2.3926475048065,4
1587084411.9966,83.608184814453,29.446268081665,-2.3530037403107,4
1587084412.1042,83.2001953125,29.401885986328,-2.3208873271942,4
1587084412.2177,82.781578063965,29.370321273804,-2.3173892498016,4
1587084412.3254,82.36279296875,29.338550567627,-2.3293857574463,4
1587084412.4331,81.869186401367,29.304044723511,-2.2889585494995,4
1587084412.5406,81.447578430176,29.27560043335,-2.254540681839,4
1587084412.6483,81.037879943848,29.247945785522,-2.2210826873779,4
1587084412.7625,80.620208740234,29.21976852417,-2.1869864463806,4
1587084412.8708,80.126968383789,29.186492919922,-2.1473910808563,4
1587084412.9777,79.720436096191,29.154443740845,-2.1571660041809,4
1587084413.0922,79.242149353027,29.116727828979,-2.168737411499,4
1587084413.201,78.827613830566,29.084035873413,-2.1787657737732,4
1587084413.3087,78.412971496582,29.051727294922,-2.1888027191162,4
1587084413.4155,77.994209289551,29.019958496094,-2.1879096031189,4
1587084413.5288,77.50365447998,28.982734680176,-2.1878440380096,4
1587084413.6359,77.084899902344,28.950967788696,-2.187789440155,4
1587084413.7445,76.67359161377,28.943435668945,-2.1913449764252,4
1587084413.8522,76.258560180664,28.96982383728,-2.2000594139099,4
1587084413.9664,75.771690368652,29.001272201538,-2.2066898345947,4
1587084414.0749,75.352630615234,29.028913497925,-2.2088367938995,4
1587084414.1825,74.93758392334,29.056287765503,-2.2110190391541,4
1587084414.2903,74.520164489746,29.098888397217,-2.2154974937439,4
1587084414.4037,74.058044433594,29.250257492065,-2.2404019832611,4
1587084414.5114,73.688461303711,29.448709487915,-2.2489604949951,4
1587084414.6202,73.323799133301,29.648767471313,-2.2579174041748,4
1587084414.7276,72.952140808105,29.85266494751,-2.2670478820801,4
1587084414.8419,72.527862548828,30.085437774658,-2.2774720191956,4
1587084414.9502,72.156188964844,30.289331436157,-2.2866017818451,4
1587084415.0579,71.788032531738,30.491310119629,-2.2956464290619,4
1587084415.1658,71.416381835938,30.69527053833,-2.3047742843628,4
1587084415.2735,71.044876098633,30.89959526062,-2.3089497089386,4
1587084415.3878,70.617301940918,31.134748458862,-2.3143982887268,4
1587084415.4951,70.249320983887,31.337142944336,-2.3190894126892,4
1587084415.6025,69.877853393555,31.541471481323,-2.3252847194672,4
1587084415.7172,69.45458984375,31.775939941406,-2.3129994869232,4
1587084415.8258,69.084060668945,31.981763839722,-2.3023116588593,4
1587084415.9335,68.713539123535,32.187576293945,-2.2916224002838,4
1587084416.0413,68.34300994873,32.393394470215,-2.2809329032898,4
1587084416.1486,67.923538208008,32.626407623291,-2.2740306854248,4
1587084416.2623,67.550361633301,32.834926605225,-2.2499191761017,4
1587084416.3708,67.177581787109,33.043849945068,-2.2258722782135,4
1587084416.4785,66.818778991699,33.245014190674,-2.2027335166931,4
1587084416.5862,66.449493408203,33.451999664307,-2.1789109706879,4
1587084416.7016,66.024490356445,33.690250396729,-2.15154337883,4
1587084416.8093,65.663551330566,33.893699645996,-2.1148173809052,4
1587084416.9158,65.271377563477,34.114765167236,-2.0746505260468,4
1587084417.029,64.913887023926,34.316268920898,-2.0380220413208,4
1587084417.1369,64.489387512207,34.554119110107,-2,4
1587084417.2456,64.118232727051,34.75902557373,-2,4
1587084417.3533,63.750579833984,34.961971282959,-2,4
1587084417.461,63.382919311523,35.164924621582,-2,4
1587084417.5767,62.952377319336,35.402267456055,-2.0125222206116,4
1587084417.6833,62.588642120361,35.602123260498,-2.0414319038391,4
1587084417.7909,62.217926025391,35.805797576904,-2.0708951950073,4
1587084417.8986,61.847221374512,36.009475708008,-2.1003584861755,4
1587084418.0128,61.476524353027,36.213157653809,-2.1298215389252,4
1587084418.1215,61.09529876709,36.422882080078,-2.1601026058197,4
1587084418.2288,60.671989440918,36.657318115234,-2.1372976303101,4
1587084418.3361,60.308139801025,36.858825683594,-2.1285691261292,4
1587084418.4518,59.9342918396,37.066310882568,-2.1104488372803,4
1587084418.5595,59.568386077881,37.270259857178,-2.080385684967,4
1587084418.6672,59.143230438232,37.50724029541,-2.0455076694489,4
1587084418.7751,58.773853302002,37.713138580322,-2.0152101516724,4
1587084418.8828,58.407077789307,37.916603088379,-2,4
1587084418.9986,57.990379333496,38.146575927734,-2,4
1587084419.1057,57.626220703125,38.347587585449,-2,4
1587084419.2135,57.251556396484,38.554431915283,-2,4
1587084419.3216,56.873382568359,38.763191223145,-2,4
1587084419.4358,56.505729675293,38.966133117676,-2,4
1587084419.5426,56.07154083252,39.205829620361,-2,4
1587084419.6498,55.759906768799,39.377868652344,-2,4
1587084419.7645,55.325721740723,39.617565155029,-2,4
1587084419.8726,54.965042114258,39.816623687744,-2,4
1587084419.9798,54.600868225098,40.017635345459,-2,4
1587084420.0877,54.22970199585,40.22253036499,-2,4
1587084420.1963,53.809494018555,40.454444885254,-2,4
1587084420.3096,53.441825866699,40.657402038574,-2,4
1587084420.4167,53.014629364014,40.893199920654,-2,4
1587084420.5234,52.646949768066,41.096157073975,-2,4
1587084420.6379,52.279281616211,41.299110412598,-2,4
1587084420.7451,51.915115356445,41.500114440918,-2,4
1587084420.8528,51.5439453125,41.705005645752,-2,4
1587084420.9665,51.113246917725,41.942756652832,-2,4
1587084421.0746,50.745582580566,42.14571762085,-2,4
1587084421.1819,50.377914428711,42.348678588867,-2,4
1587084421.2896,50.010238647461,42.551639556885,-2,4
1587084421.4041,49.586532592773,42.785503387451,-2,4
1587084421.5118,49.222362518311,42.986526489258,-2,4
1587084421.62,48.851192474365,43.191429138184,-2,4
1587084421.7277,48.490509033203,43.390495300293,-2,4
1587084421.8419,48.049289703369,43.634029388428,-2,4
1587084421.9506,47.681610107422,43.836982727051,-2,4
1587084422.0579,47.317428588867,44.037990570068,-2,4
1587084422.1653,46.946258544922,44.2428855896,-2,4
1587084422.2789,46.512069702148,44.48258972168,-2,4
1587084422.3864,46.140933990479,44.678829193115,-2,4
1587084422.4953,45.753349304199,44.840625762939,-2,4
1587084422.603,45.358367919922,45.005535125732,-2,4
1587084422.7172,44.904342651367,45.195079803467,-2,4
1587084422.8249,44.516761779785,45.356880187988,-2,4
1587084422.9326,44.129188537598,45.518688201904,-2,4
1587084423.0396,43.737911224365,45.68204498291,-2,4
1587084423.1533,43.346633911133,45.845405578613,-2,4
1587084423.2611,42.88890838623,46.036502838135,-2,4
1587084423.3698,42.501327514648,46.198307037354,-2,4
1587084423.4771,42.113750457764,46.360107421875,-2,4
1587084423.5908,41.733573913574,46.518821716309,-2,4
1587084423.6995,41.275848388672,46.709915161133,-2,4
1587084423.8069,40.891967773438,46.870170593262,-2,4
1587084423.9207,40.504383087158,47.031970977783,-2,4
1587084424.0281,40.057746887207,47.218425750732,-2,4
1587084424.1358,39.662773132324,47.383335113525,-2,4
1587084424.2439,39.278888702393,47.543598175049,-2,4
1587084424.3518,38.895000457764,47.703861236572,-2,4
1587084424.4658,38.49490737915,47.842185974121,-2,4
1587084424.5745,38.013942718506,47.963329315186,-2,4
1587084424.6815,37.614448547363,48.063995361328,-2,4
1587084424.7957,37.145133972168,48.182247161865,-2,4
1587084424.903,36.737865447998,48.284843444824,-2,4
1587084425.0107,36.326713562012,48.388401031494,-2,4
1587084425.1195,35.91556930542,48.491962432861,-2,4
1587084425.227,35.507427215576,48.569259643555,-2,4
1587084425.3417,35.020542144775,48.601745605469,-2,4
1587084425.4494,34.601501464844,48.629703521729,-2,4
1587084425.5567,34.178466796875,48.657920837402,-2,4
1587084425.6644,33.767402648926,48.685352325439,-2,4
1587084425.778,33.280506134033,48.717834472656,-2,4
1587084425.8859,32.857482910156,48.746055603027,-2,4
1587084425.9945,32.438430786133,48.774021148682,-2,4
1587084426.1018,32.023372650146,48.801712036133,-2,4
1587084426.216,31.523921966553,48.803203582764,-2,4
1587084426.3238,31.108325958252,48.784748077393,-2,4
1587084426.431,30.68872833252,48.766105651855,-2,4
1587084426.5457,30.265129089355,48.747295379639,-2,4
1587084426.6528,29.84553527832,48.728656768799,-2,4
1587084426.7606,29.350015640259,48.706645965576,-2,4
1587084426.869,28.926420211792,48.687828063965,-2,4
1587084426.9767,28.51082611084,48.669368743896,-2,4
1587084427.0916,28.087133407593,48.658382415771,-2,4
1587084427.2,27.599342346191,48.672523498535,-2,4
1587084427.3076,27.187515258789,48.684455871582,-2,4
1587084427.414,26.775691986084,48.696388244629,-2,4
1587084427.5277,26.287899017334,48.710517883301,-2,4
1587084427.6354,25.868083953857,48.722679138184,-2,4
1587084427.7436,25.452262878418,48.734725952148,-2,4
1587084427.8582,25.028442382813,48.746997833252,-2,4
1587084427.9656,24.544647216797,48.761005401611,-2,4
1587084428.074,24.124822616577,48.773170471191,-2,4
1587084428.1817,23.705001831055,48.785327911377,-2,4
1587084428.2891,23.285177230835,48.797481536865,-2,4
1587084428.4039,22.797386169434,48.811611175537,-2,4
1587084428.5105,22.373569488525,48.823886871338,-2,4
1587084428.6188,21.953746795654,48.836044311523,-2,4
1587084428.733,21.533924102783,48.848205566406,-2,4
1587084428.8403,21.038129806519,48.862571716309,-2,4
1587084428.9487,20.614303588867,48.874855041504,-2,4
1587084429.0567,20.198482513428,48.886905670166,-2,4
1587084429.1708,19.774663925171,48.899188995361,-2,4
1587084429.2781,19.282871246338,48.913440704346,-2,4
1587084429.3855,18.859045028687,48.925712585449,-2,4
1587084429.4936,18.44322013855,48.937763214111,-2,4
1587084429.6079,18.027395248413,48.949802398682,-2,4
1587084429.7156,17.543601989746,48.963817596436,-2,4
1587084429.8239,17.119783401489,48.976093292236,-2,4
1587084429.9319,16.695960998535,48.988361358643,-2,4
1587084430.0396,16.27214050293,49.000640869141,-2,4
1587084430.1528,15.784342765808,49.014762878418,-2,4
1587084430.2601,15.368514060974,49.026786804199,-2,4
1587084430.3686,14.944694519043,49.039054870605,-2,4
1587084430.4832,14.524870872498,49.051193237305,-2,4
1587084430.5906,14.037075042725,49.065307617188,-2,4
1587084430.6981,13.625245094299,49.077205657959,-2,4
1587084430.8056,13.201426506042,49.089473724365,-2,4
1587084430.9195,12.785600662231,49.101497650146,-2,4
1587084431.0267,12.293807983398,49.115730285645,-2,4
1587084431.1341,11.874537467957,49.12788772583,-2,4
1587084431.2492,11.453981399536,49.14022064209,-1.9390530586243,4
1587084431.3566,11.033428192139,49.152557373047,-1.8864767551422,4
1587084431.4643,10.624779701233,49.164520263672,-1.8353962898254,4
1587084431.5722,10.140748023987,49.178695678711,-1.774893283844,4
1587084431.6797,9.7321004867554,49.190658569336,-1.7238125801086,4
1587084431.7947,9.2480716705322,49.204845428467,-1.6633100509644,4
1587084431.9019,8.8354568481445,49.216938018799,-1.6117336750031,4
1587084432.0097,8.4149036407471,49.229263305664,-1.5591654777527,4
1587084432.1186,8.0022926330566,49.241352081299,-1.5075898170471,4
1587084432.2329,7.5103302001953,49.255790710449,-1.446102142334,4
1587084432.3393,7.0977158546448,49.267917633057,-1.3945175409317,4
1587084432.4476,6.681134223938,49.280151367188,-1.3424524068832,4
1587084432.5549,6.2724871635437,49.292179107666,-1.2913639545441,4
1587084432.6698,5.7924280166626,49.306297302246,-1.2313566207886,4
1587084432.7771,5.3798160552979,49.318435668945,-1.179780125618,4
1587084432.8848,4.9672040939331,49.330574035645,-1.1282112598419,4
1587084432.9932,4.4871459007263,49.344696044922,-1.0681962966919,4
1587084433.1068,4.0693559646606,49.302490234375,-1.0159776210785,4
1587084433.2146,3.6668663024902,49.184886932373,-1,4
1587084433.3222,3.2620539665222,49.05880355835,-1,4
1587084433.4296,2.8572430610657,48.932708740234,-1,4
1587084433.5439,2.3951458930969,48.788764953613,-1,4
1587084433.6516,1.9941555261612,48.663856506348,-1,4
1587084433.7589,1.5969687700272,48.540157318115,-1,4
1587084433.8676,1.1581065654755,48.329738616943,-1,4
1587084433.9813,0.83340674638748,48.064632415771,-1,4
1587084434.0885,0.58088934421539,47.745105743408,-1,4
1587084434.1969,0.36136889457703,47.382347106934,-1,4
1587084434.3047,0.11078715324402,46.968250274658,-1,4
1587084434.4187,-0.10666155070066,46.608917236328,-1,4
1587084434.5259,-0.32410359382629,46.249599456787,-1,4
1587084434.6336,-0.55385994911194,45.819915771484,-1,4
1587084434.7424,-0.67804431915283,45.427227020264,-1,4
1587084434.8567,-0.79873847961426,45.020782470703,-1,4
1587084434.9637,-0.91716003417969,44.622005462646,-1,4
1587084435.072,-1.0560741424561,44.154205322266,-1,4
1587084435.1797,-1.1767683029175,43.7477684021,-1,4
1587084435.294,-1.2940549850464,43.3528175354,-1,4
1587084435.4011,-1.4341096878052,42.881172180176,-1,4
1587084435.5088,-1.5525369644165,42.482387542725,-1,4
1587084435.6175,-1.6698236465454,42.087436676025,-1,4
1587084435.7309,-1.8087406158447,41.619632720947,-1,4
1587084435.8377,-1.926025390625,41.224678039551,-1,4
1587084435.9463,-2.0444469451904,40.825901031494,-1,4
1587084436.0596,-2.1822242736816,40.361934661865,-1,4
1587084436.1674,-2.3017797470093,39.959316253662,-1,4
1587084436.2737,-2.4236106872559,39.549034118652,-1,4
1587084436.3874,-2.5431718826294,39.146423339844,-1,4
1587084436.4956,-2.6627264022827,38.743808746338,-1,4
1587084436.6028,-2.8005046844482,38.279842376709,-1,4
1587084436.7159,-2.9200630187988,37.877223968506,-1,4
1587084436.8246,-3.0373468399048,37.482269287109,-1,4
1587084436.9318,-3.1762647628784,37.014461517334,-1,4
1587084437.039,-3.2726292610168,36.609935760498,-1,4
1587084437.1538,-3.3632416725159,36.195732116699,-1,4
1587084437.261,-3.4538516998291,35.781532287598,-1,4
1587084437.3697,-3.557285785675,35.308723449707,-1,4
1587084437.4769,-3.6478943824768,34.89453125,-1,4
1587084437.5899,-3.7376508712769,34.484241485596,-1,4
1587084437.6987,-3.8274073600769,34.073951721191,-1,4
1587084437.8057,-3.9308409690857,33.601142883301,-1,4
1587084437.9204,-4.0197429656982,33.194759368896,-1,4
1587084438.0277,-4.1103539466858,32.7805519104,-1,4
1587084438.135,-4.2009634971619,32.366348266602,-1,4
1587084438.2433,-4.3052515983582,31.889621734619,-1,4
1587084438.3576,-4.3975729942322,31.467618942261,-1,4
1587084438.4649,-4.4881854057312,31.053430557251,-1,4
1587084438.5736,-4.579653263092,30.635328292847,-1,4
1587084438.681,-4.6694116592407,30.225038528442,-1,4
1587084438.7946,-4.7754135131836,29.740507125854,-1,4
1587084438.9021,-4.864315032959,29.33412361145,-1,4
1587084439.0097,-4.9532189369202,28.927740097046,-1,4
1587084439.1174,-5.042121887207,28.521352767944,-1,4
1587084439.2312,-5.1481223106384,28.036828994751,-1,4
1587084439.3387,-5.2387371063232,27.622638702393,-1,4
1587084439.447,-5.3284935951233,27.212348937988,-1,4
1587084439.5613,-5.4191064834595,26.798154830933,-1,4
1587084439.6686,-5.5234003067017,26.321434020996,-1,4
1587084439.7759,-5.6123046875,25.915046691895,-1,4
1587084439.8893,-5.7012100219727,25.508661270142,-1,4
1587084439.9965,-5.8046469688416,25.035852432251,-1,4
1587084440.1039,-5.8926954269409,24.633371353149,-1,4
1587084440.2116,-5.9833111763,24.219175338745,-1,4
1587084440.327,-6.0867466926575,23.746364593506,-1,4
1587084440.4347,-6.1747965812683,23.343883514404,-1,4
1587084440.542,-6.2662677764893,22.925785064697,-1,4
1587084440.65,-6.3022994995117,22.5081615448,-1,4
1587084440.7577,-6.3004312515259,22.096179962158,-1,4
1587084440.8739,-6.2982029914856,21.604198455811,-1,4
1587084440.9816,-6.2962832450867,21.180210113525,-1,4
1587084441.0893,-6.2943806648254,20.760223388672,-1,4
1587084441.1982,-6.2924780845642,20.340238571167,-1,4
1587084441.3059,-6.2905750274658,19.920251846313,-1,4
1587084441.4206,-6.2883453369141,19.428270339966,-1,4
1587084441.5281,-6.2864418029785,19.008289337158,-1,4
1587084441.6356,-6.2845559120178,18.592306137085,-1,4
1587084441.7442,-6.2823257446289,18.100318908691,-1,4
1587084441.8519,-6.2804746627808,17.692337036133,-1,4
1587084441.9649,-6.2785530090332,17.268346786499,-1,4
1587084442.0736,-6.2763404846191,16.780361175537,-1,4
1587084442.1811,-6.2744717597961,16.36837387085,-1,4
1587084442.2948,-6.272566318512,15.948384284973,-1.0136343240738,4
1587084442.4025,-6.2706480026245,15.531630516052,-1.0657224655151,4
1587084442.51,-6.2684192657471,15.0473985672,-1.1262530088425,4
1587084442.6187,-6.2665386199951,14.638572692871,-1.1773575544357,4
1587084442.7328,-6.2643280029297,14.1583070755,-1.2373921871185,4
1587084442.84,-6.2624273300171,13.745516777039,-1.2889924049377,4
1587084442.9487,-6.298367023468,13.334432601929,-1.3403791189194,4
1587084443.0552,-6.3424611091614,12.919981002808,-1.3921868801117,4
1587084443.1693,-6.3932728767395,12.442371368408,-1.4518895149231,4
1587084443.277,-6.4373664855957,12.027919769287,-1.5036973953247,4
1587084443.3848,-6.482301235199,11.605582237244,-1.5564885139465,4
1587084443.4925,-6.5259766578674,11.19507598877,-1.6078009605408,4
1587084443.6057,-6.5776300430298,10.709581375122,-1.668487071991,4
1587084443.7125,-6.6208834648132,10.303023338318,-1.719306230545,4
1587084443.8208,-6.6641359329224,9.8964681625366,-1.770124912262,4
1587084443.9345,-6.7149477005005,9.4188613891602,-1.829824924469,4
1587084444.0423,-6.7594618797302,9.0004653930664,-1.8821239471436,4
1587084444.1491,-6.8039770126343,8.5820693969727,-1.9344227313995,4
1587084444.2635,-6.8547902107239,8.1044654846191,-2,4
1587084444.3719,-6.8990769386292,7.683856010437,-2,4
1587084444.4799,-6.9424214363098,7.270122051239,-2,4
1587084444.5877,-6.9870109558105,6.8444476127625,-2,4
1587084444.696,-7.0311861038208,6.4227533340454,-2,4
1587084444.8107,-7.0828609466553,5.9294505119324,-2,4
1587084444.918,-7.1270356178284,5.5077548027039,-2,4
1587084445.0253,-7.1703805923462,5.0940170288086,-2,4
1587084445.133,-7.2060656547546,4.6837191581726,-2,4
1587084445.2492,-7.1902294158936,4.2040190696716,-2,4
1587084445.3568,-7.1741037368774,3.7803270816803,-2,4
1587084445.4646,-7.158435344696,3.3686270713806,-2,4
1587084445.5722,-7.1424627304077,2.9489316940308,-2,4
1587084445.6859,-7.1234459877014,2.4492945671082,-2,4
1587084445.7936,-7.1070156097412,2.0176076889038,-2,4
1587084445.9009,-7.0911965370178,1.601909160614,-2,4
1587084446.0077,-7.0752234458923,1.1822131872177,-2,4
1587084446.1241,-7.056510925293,0.69056940078735,-2,4
1587084446.232,-7.0405335426331,0.27087336778641,-2,4
1587084446.3397,-7.0244035720825,-0.15281973779202,-2,4
1587084446.448,-7.0087270736694,-0.56452143192291,-2,4
1587084446.5559,-6.9929032325745,-0.98022031784058,-2,4
1587084446.6702,-6.9741916656494,-1.4718648195267,-2,4
1587084446.7779,-6.9634962081909,-1.8916623592377,-2,4
1587084446.8856,-6.9633598327637,-2.3116636276245,-2,4
1587084446.9949,-6.9632239341736,-2.7316648960114,-2,4
1587084447.1026,-6.9630661010742,-3.2196671962738,-2,4
1587084447.2173,-6.9629287719727,-3.6436696052551,-2,4
1587084447.3248,-6.9627923965454,-4.0636720657349,-2,4
1587084447.4321,-6.9626507759094,-4.4876732826233,-2,4
1587084447.5398,-6.9625091552734,-4.9116744995117,-2,4
1587084447.6541,-6.9623436927795,-5.3996753692627,-2,4
1587084447.7617,-6.9621996879578,-5.8196778297424,-2,4
1587084447.8699,-6.9620561599731,-6.243679523468,-2,4
1587084447.9766,-6.9619135856628,-6.6556825637817,-2,4
1587084448.0908,-6.9617466926575,-7.1396870613098,-2,4
1587084448.1988,-6.9616031646729,-7.5636901855469,-2,4
1587084448.3063,-6.961462020874,-7.9876933097839,-2,4
1587084448.4199,-6.9612946510315,-8.471697807312,-2,4
1587084448.5269,-6.9611525535583,-8.891697883606,-2,4
1587084448.6346,-6.9610080718994,-9.3077020645142,-2,4
1587084448.7428,-6.9608654975891,-9.7237062454224,-2,4
1587084448.8568,-6.9606976509094,-10.207710266113,-2,4
1587084448.9641,-6.960554599762,-10.62771320343,-2,4
1587084449.0729,-6.9604115486145,-11.047716140747,-2,4
1587084449.1806,-6.9835877418518,-11.538626670837,-2,4
1587084449.2953,-7.0304126739502,-11.960036277771,-2,4
1587084449.402,-7.0772376060486,-12.38144493103,-2,4
1587084449.5087,-7.1231808662415,-12.794904708862,-2,4
1587084449.6248,-7.1770758628845,-13.279918670654,-2,4
1587084449.732,-7.2230200767517,-13.693375587463,-2,4
1587084449.8397,-7.2689647674561,-14.106834411621,-2,4
1587084449.947,-7.3162312507629,-14.532214164734,-2,4
1587084450.0547,-7.3626160621643,-14.949647903442,-2,4
1587084450.1689,-7.4160723686218,-15.430690765381,-2,4
1587084450.2762,-7.461576461792,-15.840176582336,-2,4
1587084450.3838,-7.516161441803,-16.260484695435,-2,4
1587084450.4921,-7.646918296814,-16.662931442261,-2,4
1587084450.6064,-7.8412132263184,-17.114952087402,-2,4
1587084450.7137,-8.0102338790894,-17.508176803589,-2,4
1587084450.8208,-8.1776714324951,-17.897714614868,-2,4
1587084450.9341,-8.3451099395752,-18.287256240845,-2,4
1587084451.0418,-8.5157108306885,-18.684160232544,-2,4
1587084451.1492,-8.6918382644653,-19.074069976807,-2,4
1587084451.2629,-8.9486169815063,-19.493692398071,-2,4
1587084451.3709,-9.1656055450439,-19.843929290771,-2,4
1587084451.478,-9.384693145752,-20.197570800781,-2,4
1587084451.5923,-9.6459121704102,-20.619213104248,-2,4
1587084451.7007,-9.8692102432251,-20.979648590088,-2,4
1587084451.8075,-10.092509269714,-21.34008026123,-2,4
1587084451.921,-10.349515914917,-21.754926681519,-2,4
1587084452.0278,-10.555009841919,-22.120965957642,-2,4
1587084452.1342,-10.747604370117,-22.489679336548,-2,4
1587084452.2498,-10.943909645081,-22.865495681763,-2,4
1587084452.3569,-11.176426887512,-23.294343948364,-2,4
1587084452.4632,-11.407972335815,-23.639959335327,-2,4
1587084452.572,-11.64618396759,-23.995534896851,-2,4
1587084452.6855,-11.877727508545,-24.341154098511,-2,4
1587084452.7919,-12.111492156982,-24.690088272095,-2,4
1587084452.8998,-12.349704742432,-25.045660018921,-2,4
1587084453.0146,-12.625765800476,-25.457727432251,-2,4
1587084453.122,-12.857308387756,-25.80334854126,-2,4
1587084453.2299,-13.125111579895,-26.13635635376,-2,4
1587084453.3372,-13.410685539246,-26.449768066406,-2,4
1587084453.446,-13.690867424011,-26.757261276245,-2,4
1587084453.5595,-14.022234916687,-27.120933532715,-2,4
1587084453.6669,-14.302417755127,-27.428421020508,-2,4
1587084453.774,-14.585295677185,-27.738876342773,-2.013879776001,4
1587084453.8878,-14.913817405701,-28.099964141846,-2.0751967430115,4
1587084453.9958,-15.191597938538,-28.405281066895,-2.127049446106,4
1587084454.103,-15.469376564026,-28.710601806641,-2.178902387619,4
1587084454.2177,-15.800572395325,-29.074619293213,-2.2407250404358,4
1587084454.3264,-16.078355789185,-29.379930496216,-2.2925777435303,4
1587084454.4341,-16.361465454102,-29.691102981567,-2.3454251289368,4
1587084454.5419,-16.641910552979,-29.999345779419,-2.3977749347687,4
1587084454.6491,-16.925025939941,-30.310522079468,-2.4506230354309,4
1587084454.764,-17.250877380371,-30.668668746948,-2.5114483833313,4
1587084454.8727,-17.531356811523,-30.976943969727,-2.5633742809296,4
1587084454.9804,-17.811838150024,-31.285217285156,-2.6154134273529,4
1587084455.0881,-18.089649200439,-31.590553283691,-2.6669569015503,4
1587084455.1953,-18.412870407104,-31.945804595947,-2.7269258499146,4
1587084455.3089,-18.698698043823,-32.259952545166,-2.779956817627,4
1587084455.4162,-18.973817825317,-32.562320709229,-2.8309998512268,4
1587084455.5239,-19.251609802246,-32.867637634277,-2.8825399875641,4
1587084455.6381,-19.572130203247,-33.219909667969,-2.9420070648193,4
1587084455.7461,-19.852598190308,-33.528163909912,-3,4
1587084455.8535,-20.134672164917,-33.837879180908,-3,4
1587084455.9615,-20.466066360474,-34.201553344727,-3,4
1587084456.0779,-20.751653671265,-34.51496887207,-3,4
1587084456.1851,-21.029172897339,-34.819534301758,-3,4
1587084456.2921,-21.314758300781,-35.132949829102,-3,4
1587084456.4,-21.646146774292,-35.496635437012,-3,4
1587084456.508,-21.926357269287,-35.804149627686,-3,4
1587084456.6235,-22.209253311157,-36.114608764648,-3,4
1587084456.7302,-22.535268783569,-36.472389221191,-3,4
1587084456.8382,-22.815475463867,-36.779907226563,-3,4
1587084456.9469,-23.106437683105,-37.099227905273,-3,4
1587084457.0546,-23.389335632324,-37.409679412842,-3,4
1587084457.1687,-23.718048095703,-37.770420074463,-3,4
1587084457.2759,-24.000938415527,-38.080883026123,-3,4
1587084457.389,-24.283838272095,-38.391353607178,-3,4
1587084457.4977,-24.561370849609,-38.695915222168,-3,4
1587084457.605,-24.89545249939,-39.062553405762,-3,4
1587084457.7127,-25.178359985352,-39.373020172119,-3,4
1587084457.8209,-25.463949203491,-39.686435699463,-3,4
1587084457.9347,-25.752227783203,-40.002807617188,-3,4
1587084458.0423,-26.040506362915,-40.319179534912,-3,4
1587084458.1499,-26.32341003418,-40.629650115967,-3,4
1587084458.2642,-26.657501220703,-40.996288299561,-3,4
1587084458.372,-26.935024261475,-41.300853729248,-3,4
1587084458.4789,-27.217924118042,-41.611324310303,-3,4
1587084458.5866,-27.498138427734,-41.918853759766,-3,4
1587084458.702,-27.818782806396,-42.270740509033,-3,4
1587084458.8098,-28.098985671997,-42.57825088501,-3,4
1587084458.9173,-28.4303855896,-42.941944122314,-3,4
1587084459.0247,-28.707918167114,-43.246517181396,-3,4
1587084459.1326,-28.988130569458,-43.55403137207,-3,4
1587084459.2477,-29.316844940186,-43.914768218994,-3,4
1587084459.3548,-29.602428436279,-44.228187561035,-3,4
1587084459.4611,-29.885328292847,-44.53865814209,-3,4
1587084459.5778,-30.208667755127,-44.893505096436,-3,4
1587084459.686,-30.4430809021,-45.150756835938,-3,4
1587084459.7937,-30.777158737183,-45.517391204834,-3,4
1587084459.9,-31.060062408447,-45.827865600586,-3,4
1587084460.0146,-31.342973709106,-46.138339996338,-3,4
1587084460.1227,-31.677061080933,-46.504981994629,-3,4
1587084460.23,-31.959962844849,-46.815448760986,-3,4
1587084460.3377,-32.242866516113,-47.125923156738,-3,4
1587084460.4458,-32.525779724121,-47.436405181885,-3,4
1587084460.5591,-32.808689117432,-47.746894836426,-3,4
1587084460.6658,-33.142795562744,-48.1135597229,-3,4
1587084460.7802,-33.425712585449,-48.424041748047,-3,4
1587084460.8879,-33.711315155029,-48.737483978271,-3,4
1587084460.9959,-33.994228363037,-49.047981262207,-3,4
1587084461.1036,-34.277141571045,-49.358467102051,-3,4
1587084461.2169,-34.611248016357,-49.725131988525,-3,4
1587084461.3248,-34.888786315918,-50.02970123291,-3,4
1587084461.4316,-35.171703338623,-50.340198516846,-3,4
1587084461.5448,-35.497730255127,-50.698009490967,-3,4
1587084461.6516,-35.780651092529,-51.008495330811,-3,4
1587084461.7592,-36.063564300537,-51.31897354126,-3,4
1587084461.8679,-36.343795776367,-51.626502990723,-3,4
1587084461.9826,-36.675212860107,-51.990226745605,-3,4
1587084462.0897,-36.963500976563,-52.306617736816,-3,4
1587084462.1981,-37.246417999268,-52.617111206055,-3,4
1587084462.3048,-37.534721374512,-52.933506011963,-3,4
1587084462.4195,-37.866138458252,-53.297229766846,-3,4
1587084462.5261,-38.140983581543,-53.598857879639,-3,4
1587084462.6339,-38.423900604248,-53.90934753418,-3,4
1587084462.7429,-38.704128265381,-54.216892242432,-3,4
1587084462.8573,-39.030162811279,-54.574699401855,-3,4
1587084462.965,-39.310390472412,-54.88224029541,-3,4
1587084463.0737,-39.593315124512,-55.192733764648,-3,4
1587084463.181,-39.919357299805,-55.550556182861,-3,4
1587084463.2943,-40.202270507813,-55.861045837402,-3,4
1587084463.4015,-40.493244171143,-56.180389404297,-3,4
1587084463.509,-40.776168823242,-56.490882873535,-3,4
1587084463.6242,-41.104900360107,-56.851669311523,-3,4
1587084463.7309,-41.38782119751,-57.162158966064,-3.0043432712555,4
1587084463.8389,-41.665302276611,-57.466709136963,-2.994238615036,4
1587084463.9478,-41.948097229004,-57.77710723877,-2.9839315414429,4
1587084464.0549,-42.233589172363,-58.090465545654,-2.9735288619995,4
1587084464.1686,-42.562168121338,-58.451118469238,-2.9615557193756,4
1587084464.2763,-42.812728881836,-58.781997680664,-2.9514553546906,4
1587084464.3831,-42.98717880249,-59.163028717041,-2.9418058395386,4
1587084464.4997,-43.128288269043,-59.6174659729,-2.9314601421356,4
1587084464.606,-43.25280380249,-60.018508911133,-2.9240231513977,4
1587084464.7137,-43.375022888184,-60.411926269531,-2.9386096000671,4
1587084464.8218,-43.516483306885,-60.873291015625,-2.8945255279541,4
1587084464.9297,-43.638481140137,-61.273357391357,-2.8563394546509,4
1587084465.0438,-43.760467529297,-61.67342376709,-2.8181600570679,4
1587084465.1515,-43.902214050293,-62.138278961182,-2.7737975120544,4
1587084465.2578,-44.025356292725,-62.542133331299,-2.7352609634399,4
1587084465.3737,-44.143890380859,-62.930786132813,-2.6981644630432,4
1587084465.4816,-44.283317565918,-63.388008117676,-2.6545295715332,4
1587084465.588,-44.401824951172,-63.784934997559,-2.6168551445007,4
1587084465.6962,-44.457126617432,-64.199127197266,-2.5831413269043,4
1587084465.8109,-44.434150695801,-64.681274414063,-2.5838847160339,4
1587084465.9174,-44.41060256958,-65.099472045898,-2.6152927875519,4
1587084466.024,-44.387058258057,-65.517631530762,-2.6463170051575,4
1587084466.1383,-44.363735198975,-65.931816101074,-2.6771268844604,4
1587084466.2456,-44.336154937744,-66.42163848877,-2.7135629653931,4
1587084466.3533,-44.312610626221,-66.839790344238,-2.7446675300598,4
1587084466.4611,-44.289287567139,-67.253959655762,-2.7754764556885,4
1587084466.5778,-44.253925323486,-67.743202209473,-2.8126292228699,4
1587084466.6857,-44.214679718018,-68.160133361816,-2.8451764583588,4
1587084466.7923,-44.150463104248,-68.572525024414,-2.8880934715271,4
1587084466.8997,-44.037242889404,-68.970199584961,-2.9340355396271,4
1587084467.0135,-43.904430389404,-69.436676025391,-2.9879531860352,4
1587084467.1217,-43.791152954102,-69.834213256836,-3.0347557067871,4
1587084467.2285,-43.677886962891,-70.231750488281,-3.0815567970276,4
1587084467.3427,-43.547191619873,-70.690444946289,-3.1355581283569,4
1587084467.4515,-43.431602478027,-71.087272644043,-3.1825170516968,4
1587084467.5584,-43.280025482178,-71.467208862305,-3.2313861846924,4
1587084467.6658,-43.122699737549,-71.85417175293,-3.2813725471497,4
1587084467.7788,-42.940212249756,-72.301307678223,-3.3011908531189,4
1587084467.886,-42.783344268799,-72.685615539551,-3.3282077312469,4
1587084467.9938,-42.626476287842,-73.069923400879,-3.355224609375,4
1587084468.1078,-42.443893432617,-73.517066955566,-3.3866581916809,4
1587084468.2153,-42.28031539917,-73.916175842285,-3.4074702262878,4
1587084468.324,-42.121292114258,-74.304229736328,-3.4301717281342,4
1587084468.4311,-41.962261199951,-74.692283630371,-3.4528737068176,4
1587084468.5458,-41.779014587402,-75.13948059082,-3.4790341854095,4
1587084468.6538,-41.616939544678,-75.53490447998,-3.5021691322327,4
1587084468.7614,-41.454647064209,-75.930328369141,-3.5254044532776,4
1587084468.8697,-41.289390563965,-76.312301635742,-3.4690217971802,4
1587084468.9771,-41.127246856689,-76.687019348145,-3.4135928153992,4
1587084469.0909,-40.932102203369,-77.138107299805,-3.3468859195709,4
1587084469.1994,-40.768417358398,-77.516441345215,-3.2909553050995,4
1587084469.3068,-40.598487854004,-77.909309387207,-3.2328565120697,4
1587084469.4201,-40.43323135376,-78.291290283203,-3.1763510704041,4
1587084469.5272,-40.245014190674,-78.732345581055,-3.1191458702087,4
1587084469.6336,-40.122848510742,-79.124412536621,-3.0502314567566,4
1587084469.7422,-40.005851745605,-79.520530700684,-2.9673857688904,4
1587084469.8558,-39.872142791748,-79.973243713379,-2.8802967071533,4
1587084469.9634,-39.754215240479,-80.374938964844,-2.8391242027283,4
1587084470.0705,-39.636287689209,-80.776626586914,-2.80490899086,4
1587084470.1848,-39.521297454834,-81.171211242676,-2.7752449512482,4
1587084470.2925,-39.383052825928,-81.64640045166,-2.7411029338837,4
1587084470.3998,-39.267086029053,-82.044937133789,-2.7124660015106,4
1587084470.514,-39.152233123779,-82.439605712891,-2.6841049194336,4
1587084470.6227,-39.016208648682,-82.907135009766,-2.6505129337311,4
1587084470.7299,-38.898029327393,-83.313354492188,-2.6213235855103,4
1587084470.8362,-38.780948638916,-83.715728759766,-2.5924110412598,4
1587084470.9527,-38.661422729492,-84.126121520996,-2.5690078735352,4
1587084471.0606,-38.543937683105,-84.529106140137,-2.5537660121918,4
1587084471.168,-38.425346374512,-84.935897827148,-2.5393056869507,4
1587084471.2758,-38.285484313965,-85.415626525879,-2.5222527980804,4
1587084471.383,-38.169136047363,-85.814781188965,-2.5080647468567,4
1587084471.5,-38.053573608398,-86.210113525391,-2.5,4
1587084471.6066,-37.915184020996,-86.68221282959,-2.5,4
1587084471.7127,-37.797046661377,-87.085258483887,-2.5,4
1587084471.8206,-37.678913116455,-87.488296508789,-2.5,4
1587084471.9346,-37.560771942139,-87.891319274902,-2.5,4
1587084472.0424,-37.423511505127,-88.359588623047,-2.5,4
1587084472.1499,-37.335830688477,-88.765892028809,-2.5,4
1587084472.2636,-37.262184143066,-89.179397583008,-2.5,4
1587084472.3722,-37.18782043457,-89.59684753418,-2.5,4
1587084472.4795,-37.114162445068,-90.010368347168,-2.5,4
1587084472.5868,-37.029300689697,-90.486885070801,-2.5,4
1587084472.7028,-36.956352233887,-90.896430969238,-2.5,4
1587084472.8105,-36.881996154785,-91.313888549805,-2.5,4
1587084472.918,-36.806941986084,-91.735298156738,-2.5,4
1587084473.0257,-36.722076416016,-92.211769104004,-2.5,4
1587084473.1335,-36.649131774902,-92.621315002441,-2.5,4
1587084473.2492,-36.575477600098,-93.034782409668,-2.5,4
1587084473.3559,-36.491027832031,-93.523513793945,-2.5,4
1587084473.4633,-36.470706939697,-93.934860229492,-2.5,4
1587084473.5718,-36.457256317139,-94.358596801758,-2.5,4
1587084473.6854,-36.44352722168,-94.790336608887,-2.5,4
1587084473.7933,-36.430068969727,-95.214096069336,-2.5,4
1587084473.9003,-36.414726257324,-95.697822570801,-2.5,4
1587084474.0078,-36.401405334473,-96.11759185791,-2.5,4
1587084474.1245,-36.388217926025,-96.53337097168,-2.5,4
1587084474.2324,-36.419799804688,-97.028228759766,-2.5,4
1587084474.3397,-36.452713012695,-97.442970275879,-2.5,4
1587084474.4476,-36.485958099365,-97.861709594727,-2.5,4
1587084474.555,-36.518547058105,-98.272468566895,-2.5,4
1587084474.6688,-36.557167053223,-98.758964538574,-2.5,4
1587084474.7755,-36.598518371582,-99.180809020996,-2.5,4
1587084474.8829,-36.689853668213,-99.586578369141,-2.5,4
1587084474.9995,-36.799201965332,-100.05798339844,-2.5,4
1587084475.1069,-36.892288208008,-100.45927429199,-2.5,4
1587084475.2136,-37.037143707275,-100.84839630127,-2.5,4
1587084475.3218,-37.243385314941,-101.21424865723,-2.5,4
1587084475.4351,-37.481491088867,-101.63103485107,-2.5,4
1587084475.5428,-37.695819854736,-102.0061416626,-2.5,4
1587084475.6505,-37.902198791504,-102.36734008789,-2.5,4
1587084475.7577,-38.117233276367,-102.72790527344,-2.5,4
1587084475.8744,-38.41478729248,-103.10956573486,-2.5,4
1587084475.9809,-38.674869537354,-103.43934631348,-2.5,4
1587084476.0886,-38.937412261963,-103.77225494385,-2.5,4
1587084476.1971,-39.197490692139,-104.10204315186,-2.5,4
1587084476.3045,-39.497211456299,-104.48208618164,-2.5,4
1587084476.419,-39.75728225708,-104.81185913086,-2.5,4
1587084476.5266,-40.014877319336,-105.13850402832,-2.5,4
1587084476.6341,-40.277423858643,-105.4714050293,-2.5,4
1587084476.7428,-40.542457580566,-105.80746459961,-2.5,4
1587084476.8576,-40.847114562988,-106.1937713623,-2.5,4
1587084476.9654,-41.104721069336,-106.52039337158,-2.5,4
1587084477.0727,-41.362308502197,-106.84700775146,-2.5,4
1587084477.1799,-41.662033081055,-107.22704315186,-2.5,4
1587084477.2943,-41.927043914795,-107.56309509277,-2.5,4
1587084477.401,-42.187122344971,-107.89286804199,-2.5,4
1587084477.5087,-42.44225692749,-108.2163772583,-2.5,4
1587084477.6174,-42.707263946533,-108.55242156982,-2.5,4
1587084477.7312,-43.011913299561,-108.93873596191,-2.5,4
1587084477.8384,-43.271984100342,-109.26853942871,-2.5,4
1587084477.9469,-43.539463043213,-109.60771179199,-2.5,4
1587084478.0546,-43.799545288086,-109.93749237061,-2.5,4
1587084478.1679,-44.101726531982,-110.32064819336,-2.5,4
1587084478.2757,-44.366725921631,-110.65672302246,-2.5,4
1587084478.3832,-44.621871948242,-110.98023223877,-2.5,4
1587084478.4985,-44.91911315918,-111.35712432861,-2.5,4
1587084478.6047,-45.176727294922,-111.68376922607,-2.5,4
1587084478.7117,-45.439266204834,-112.01667785645,-2.5,4
1587084478.8204,-45.701839447021,-112.34961700439,-2.5,4
1587084478.9347,-46.006492614746,-112.7359085083,-2.5,4
1587084479.0415,-46.221996307373,-113.00915527344,-2.5,4
1587084479.1549,-46.526638031006,-113.39544677734,-2.5,4
1587084479.261,-46.786716461182,-113.72523498535,-2.5,4
1587084479.3697,-47.049282073975,-114.05815124512,-2.5,4
1587084479.483,-47.34899520874,-114.43818664551,-2.5,4
1587084479.5907,-47.60412979126,-114.76168823242,-2.5,4
1587084479.6989,-47.866676330566,-115.09459686279,-2.5,4
1587084479.8066,-48.129230499268,-115.42751312256,-2.5,4
1587084479.914,-48.436332702637,-115.81695556641,-2.5,4
1587084480.0287,-48.696403503418,-116.14673614502,-2.5,4
1587084480.1364,-48.958961486816,-116.47962188721,-2.5,4
1587084480.2449,-49.216583251953,-116.80625915527,-2.5,4
1587084480.3526,-49.518772125244,-117.18943023682,-2.5,4
1587084480.466,-49.730266571045,-117.54212188721,-2.5,4
1587084480.5747,-49.877941131592,-117.93518829346,-2.5,4
1587084480.6819,-50.041164398193,-118.39511108398,-2.5,4
1587084480.7956,-50.182998657227,-118.79475402832,-2.5,4
1587084480.9024,-50.322132110596,-119.1868057251,-2.5,4
1587084481.0089,-50.465301513672,-119.59020233154,-2.5,4
1587084481.1176,-50.60578918457,-119.9860534668,-2.5,4
1587084481.2309,-50.732013702393,-120.4563293457,-2.5,4
1587084481.3386,-50.78373336792,-120.88117980957,-2.5,4
1587084481.4466,-50.834487915039,-121.29811859131,-2.5,4
1587084481.5613,-50.89298248291,-121.7785949707,-2.5,4
1587084481.6686,-50.942310333252,-122.18367767334,-2.5,4
1587084481.7756,-50.957260131836,-122.60283660889,-2.5,4
1587084481.8886,-50.946605682373,-123.0227432251,-2.5,4
1587084481.9967,-50.934127807617,-123.5146484375,-2.5,4
1587084482.104,-50.923679351807,-123.92654418945,-2.5,4
1587084482.2117,-50.915584564209,-124.34651184082,-2.5,4
1587084482.3278,-50.938907623291,-124.833984375,-2.5,4
1587084482.434,-50.959159851074,-125.25751495361,-2.5,4
1587084482.5407,-50.979053497314,-125.67308044434,-2.5,4
1587084482.6537,-50.999130249023,-126.0926361084,-2.5,4
1587084482.7618,-51.022445678711,-126.58012390137,-2.5,4
1587084482.8698,-51.05797958374,-126.99465179443,-2.5,4
1587084482.977,-51.093521118164,-127.40917205811,-2.5,4
1587084483.0917,-51.135204315186,-127.8955078125,-2.5,4
1587084483.2004,-51.171089172363,-128.31401062012,-2.5,4
1587084483.3071,-51.20662689209,-128.72848510742,-2.5,4
1587084483.4148,-51.242858886719,-129.15090942383,-2.5,4
1587084483.5286,-51.284217834473,-129.63314819336,-2.5,4
1587084483.6358,-51.319427490234,-130.0436706543,-2.5,4
1587084483.7442,-51.355323791504,-130.4621887207,-2.5,4
1587084483.8575,-51.391208648682,-130.88069152832,-2.5,4
1587084483.965,-51.433933258057,-131.37887573242,-2.5,4
1587084484.0736,-51.469818115234,-131.79733276367,-2.5,4
1587084484.1804,-51.505367279053,-132.21183776855,-2.5,4
1587084484.2935,-51.541595458984,-132.63427734375,-2.5,4
1587084484.4008,-51.577476501465,-133.052734375,-2.5,4
1587084484.5086,-51.614395141602,-133.48318481445,-2.5,4
1587084484.6239,-51.656436920166,-133.97340393066,-2.5,4
1587084484.7315,-51.692668914795,-134.39590454102,-2.5,4
1587084484.839,-51.72855758667,-134.81442260742,-2.5,4
1587084484.9477,-51.764450073242,-135.23294067383,-2.5,4
1587084485.0554,-51.800674438477,-135.65545654297,-2.5,4
1587084485.1687,-51.842716217041,-136.14570617676,-2.5,4
1587084485.276,-51.877571105957,-136.55221557617,-2.5,4
1587084485.3838,-51.913108825684,-136.96667480469,-2.5,4
1587084485.4921,-51.954811096191,-137.45294189453,-2.5,4
1587084485.6068,-51.990703582764,-137.87141418457,-2.5,4
1587084485.7139,-52.026252746582,-138.28593444824,-2.5,4
1587084485.8227,-52.067604064941,-138.76823425293,-2.5,4
1587084485.936,-52.10315322876,-139.18278503418,-2.5,4
1587084486.0429,-52.139041900635,-139.60124206543,-2.5,4
1587084486.1506,-52.174583435059,-140.01571655273,-2.5,4
1587084486.258,-52.215930938721,-140.49797058105,-2.5,4
1587084486.3747,-52.251480102539,-140.91247558594,-2.5,4
1587084486.4818,-52.293529510498,-141.40270996094,-2.5,4
1587084486.5892,-52.328731536865,-141.81326293945,-2.5,4
1587084486.6977,-52.365310668945,-142.23974609375,-2.5,4
1587084486.8047,-52.400848388672,-142.65431213379,-2.5,4
1587084486.9195,-52.442192077637,-143.13662719727,-2.5,4
1587084487.0271,-52.47875213623,-143.56311035156,-2.5,4
1587084487.1332,-52.513610839844,-143.96961975098,-2.5,4
1587084487.2488,-52.550170898438,-144.39610290527,-2.5,4
1587084487.3566,-52.591529846191,-144.8783416748,-2.5,4
1587084487.4638,-52.627750396729,-145.30078125,-2.5,4
1587084487.5716,-52.662944793701,-145.71130371094,-2.5,4
1587084487.6861,-52.704635620117,-146.19750976563,-2.5,4
1587084487.7938,-52.740180969238,-146.6120300293,-2.5,4
1587084487.9015,-52.776401519775,-147.03448486328,-2.5,4
1587084488.0091,-52.811939239502,-147.44898986816,-2.5,4
1587084488.1248,-52.85294342041,-147.92721557617,-2.5,4
1587084488.232,-52.889167785645,-148.34967041016,-2.5,4
1587084488.3397,-52.925048828125,-148.76811218262,-2.5,4
1587084488.4485,-52.960590362549,-149.18255615234,-2.5,4
1587084488.5559,-52.996467590332,-149.60104370117,-2.5,4
1587084488.6706,-53.038497924805,-150.0912322998,-2.5,4
1587084488.7783,-53.073699951172,-150.50173950195,-2.5,4
1587084488.8856,-53.115047454834,-150.9839630127,-2.5,4
1587084488.9936,-53.150241851807,-151.39448547363,-2.5,4
1587084489.1078,-53.186126708984,-151.81294250488,-2.549373626709,4
1587084489.2146,-53.222316741943,-152.22784423828,-2.4742226600647,4
1587084489.323,-53.264728546143,-152.70565795898,-2.3841667175293,4
1587084489.4307,-53.301231384277,-153.11689758301,-2.3070607185364,4
1587084489.5451,-53.338092803955,-153.5320892334,-2.2292146682739,4
1587084489.6528,-53.374946594238,-153.94729614258,-2.1513888835907,4
1587084489.7602,-53.416660308838,-154.41720581055,-2.063282251358,4
1587084489.8687,-53.45246887207,-154.82051086426,-1.9876637458801,4
1587084489.983,-53.494522094727,-155.29434204102,-1.8987970352173,4
1587084490.0907,-53.530685424805,-155.70161437988,-1.8224353790283,4
1587084490.199,-53.566482543945,-156.10496520996,-1.7468078136444,4
1587084490.3067,-53.602993011475,-156.51617431641,-1.6697103977203,4
1587084490.4146,-53.64506149292,-156.99002075195,-1.5808687210083,4
1587084490.5293,-53.680515289307,-157.38948059082,-1.5059728622437,4
1587084490.637,-53.716678619385,-157.79681396484,-1.429626584053,4
1587084490.7443,-53.76203918457,-158.2783203125,-1.3393471240997,4
1587084490.8518,-53.843494415283,-158.68717956543,-1.2626837491989,4
1587084490.9648,-53.926082611084,-159.08790588379,-1.1875513792038,4
1587084491.0731,-54.009471893311,-159.49249267578,-1.1116958856583,4
1587084491.1808,-54.106349945068,-159.96253967285,-1.0235424041748,4
1587084491.2951,-54.176769256592,-160.38320922852,-1,4
1587084491.4018,-54.227039337158,-160.7961730957,-1,4
1587084491.5086,-54.27730178833,-161.20913696289,-1,4
1587084491.6239,-54.335311889648,-161.68563842773,-1,4
1587084491.7316,-54.385097503662,-162.09466552734,-1,4
1587084491.8391,-54.436809539795,-162.51954650879,-1,4
1587084491.9477,-54.494812011719,-162.99603271484,-1,4
1587084492.0553,-54.545074462891,-163.40898132324,-1,4
1587084492.1687,-54.596298217773,-163.82987976074,-1,4
1587084492.2757,-54.647518157959,-164.25077819824,-1,4
1587084492.3835,-54.705513000488,-164.72724914551,-1,4
1587084492.4979,-54.756248474121,-165.14416503906,-1,4
1587084492.6056,-54.807006835938,-165.56112670898,-1,4
1587084492.7132,-54.865970611572,-166.04557800293,-1,4
1587084492.822,-54.916248321533,-166.45851135254,-1,4
1587084492.9297,-54.967475891113,-166.87939453125,-1,4
1587084493.0429,-55.018215179443,-167.29624938965,-1,4
1587084493.1501,-55.069931030273,-167.72105407715,-1,4
1587084493.2643,-55.129848480225,-168.2134552002,-1,4
1587084493.3731,-55.180591583252,-168.63038635254,-1,4
1587084493.4808,-55.230857849121,-169.04331970215,-1,4
1587084493.5885,-55.282070159912,-169.46420288086,-1,4
1587084493.6958,-55.332820892334,-169.88111877441,-1,4
1587084493.81,-55.391304016113,-170.36157226563,-1,4
1587084493.9177,-55.441570281982,-170.77452087402,-1,4
1587084494.0249,-55.500537872314,-171.25888061523,-1,4
1587084494.1383,-55.551284790039,-171.67576599121,-1,4
1587084494.2465,-55.601547241211,-172.08871459961,-1,4
1587084494.3539,-55.651821136475,-172.5016784668,-1,4
1587084494.4616,-55.711750030518,-172.99406433105,-1,4
1587084494.5758,-55.76248550415,-173.4109954834,-1,4
1587084494.6828,-55.813709259033,-173.8318939209,-1,4
1587084494.7906,-55.863990783691,-174.2448425293,-1,4
1587084494.9052,-55.923915863037,-174.73721313477,-1,4
1587084495.0116,-55.975635528564,-175.162109375,-1,4
1587084495.1198,-56.025901794434,-175.57507324219,-1,4
1587084495.2265,-56.075691223145,-175.98402404785,-1,4
1587084495.3411,-56.134654998779,-176.46838378906,-1,4
1587084495.4489,-56.184925079346,-176.88131713867,-1,4
1587084495.5566,-56.235198974609,-177.29426574707,-1,4
1587084495.6706,-56.295146942139,-177.78662109375,-1,4
1587084495.7769,-56.345901489258,-178.20355224609,-1,4
1587084495.8847,-56.397624969482,-178.62843322754,-1,4
1587084495.9998,-56.44836807251,-179.0453338623,-1,4
1587084496.1076,-56.507347106934,-179.52980041504,-1,4
1587084496.2146,-56.558582305908,-179.95066833496,-1,4
1587084496.3233,-56.609420776367,-180.36689758301,-1.0247977972031,4
1587084496.4304,-56.660217285156,-180.78312683105,-1.0507237911224,4
1587084496.5447,-56.710754394531,-181.2001953125,-1.0462157726288,4
1587084496.6512,-56.769004821777,-181.6808013916,-1.0498564243317,4
1587084496.7589,-56.818580627441,-182.08993530273,-1.0529549121857,4
1587084496.8746,-56.877304077148,-182.57453918457,-1.0566251277924,4
1587084496.9809,-56.927841186523,-182.99159240723,-1.0597836971283,4
1587084497.0886,-56.978370666504,-183.4086151123,-1.0629417896271,4
1587084497.1969,-57.028900146484,-183.82566833496,-1.0660998821259,4
1587084497.3102,-57.078472137451,-184.24697875977,-1.1316492557526,4
1587084497.4179,-57.125637054443,-184.66067504883,-1.2121649980545,4
1587084497.5256,-57.179473876953,-185.13288879395,-1.3114584684372,4
1587084497.6389,-57.231281280518,-185.54187011719,-1.4141656160355,4
1587084497.747,-57.283542633057,-185.9460144043,-1.5152020454407,4
1587084497.8547,-57.335800170898,-186.35018920898,-1.6162457466125,4
1587084497.9618,-57.396514892578,-186.81979370117,-1.7336468696594,4
1587084498.0778,-57.448280334473,-187.22010803223,-1.8337254524231,4
1587084498.1851,-57.500545501709,-187.6242980957,-1.9347724914551,4
1587084498.2922,-57.561584472656,-188.09950256348,-2.0149219036102,4
1587084498.399,-57.612621307373,-188.51434326172,-2.0563154220581,4
1587084498.5127,-57.663181304932,-188.92526245117,-2.097603559494,4
1587084498.6207,-57.713745117188,-189.33615112305,-2.138888835907,4
1587084498.7267,-57.773044586182,-189.81817626953,-2.1873214244843,4
1587084498.8407,-57.82311630249,-190.2251739502,-2.2282156944275,4
1587084498.9491,-57.874862670898,-190.64123535156,-2.2466888427734,4
1587084499.0566,-57.927597045898,-191.06521606445,-2.2698049545288,4
1587084499.1639,-57.987720489502,-191.54859924316,-2.2961595058441,4
1587084499.2786,-58.038963317871,-191.96067810059,-2.3186571598053,4
