238,nil,nil
1586280927.0099,97.656929016113,206.70419311523,-2.5,4
1586280927.1104,97.656929016113,206.70419311523,-2.5,4
1586280927.219,97.656929016113,206.70419311523,-2.5,4
1586280927.3268,97.656929016113,206.70419311523,-2.5,4
1586280927.4406,97.656929016113,206.70419311523,-2.5,4
1586280927.5492,97.656929016113,206.70419311523,-2.5,4
1586280927.6569,97.656929016113,206.70419311523,-2.5,4
1586280927.7648,97.93293762207,206.70401000977,-2.5,4
1586280927.8725,98.352958679199,206.70370483398,-2.5,4
1586280927.9863,98.90096282959,206.70333862305,-2.5,4
1586280928.0949,99.316963195801,206.70303344727,-2.5,4
1586280928.2026,99.724967956543,206.70280456543,-2.5,4
1586280928.31,100.14096069336,206.70254516602,-2.5,4
1586280928.4187,100.55294799805,206.70227050781,-2.5,4
1586280928.5334,101.10494232178,206.70188903809,-2.5,4
1586280928.6411,101.52491760254,206.70161437988,-2.5,4
1586280928.7488,101.80490112305,206.70143127441,-2.5,4
1586280928.8622,102.36487579346,206.70106506348,-2.5,4
1586280928.971,102.7848739624,206.70079040527,-2.5,4
1586280929.0782,103.20487213135,206.70051574707,-2.5,4
1586280929.1861,103.62085723877,206.70024108887,-2.5,4
1586280929.2944,104.03285217285,206.69996643066,-2.5,4
1586280929.4077,104.58483886719,206.69960021973,-2.5,4
1586280929.5153,104.99685668945,206.69932556152,-2.5,4
1586280929.623,105.40886688232,206.69905090332,-2.5,4
1586280929.7377,105.82485961914,206.69877624512,-2.5,4
1586280929.8464,106.23686981201,206.69850158691,-2.5,4
1586280929.9532,106.65686035156,206.69822692871,-2.5,4
1586280930.0599,107.07684326172,206.69795227051,-2.5,4
1586280930.1766,107.63282775879,206.69758605957,-2.5,4
1586280930.2843,108.04482269287,206.69731140137,-2.5,4
1586280930.392,108.45681762695,206.69706726074,-2.5,4
1586280930.4992,108.87680053711,206.69679260254,-2.5,4
1586280930.6065,109.28480529785,206.69651794434,-2.5,4
1586280930.7223,109.84080505371,206.69613647461,-2.5,4
1586280930.8299,110.25680541992,206.69583129883,-2.5,4
1586280930.9375,110.6688079834,206.69555664063,-2.5,4
1586280931.0462,111.08081054688,206.69528198242,-2.5,4
1586280931.1539,111.49281311035,206.69500732422,-2.5,4
1586280931.2686,111.90483093262,206.69473266602,-2.5,4
1586280931.3763,112.44885253906,206.69436645508,-2.5,4
1586280931.484,112.86087036133,206.69409179688,-2.5,4
1586280931.5927,113.2728805542,206.69381713867,-2.5,4
1586280931.7064,113.69287872314,206.69354248047,-2.5,4
1586280931.8141,114.10887908936,206.69326782227,-2.5,4
1586280931.9228,114.66485595703,206.69288635254,-2.5,4
1586280932.0306,115.08085632324,206.69261169434,-2.5,4
1586280932.1384,115.49285888672,206.69233703613,-2.5,4
1586280932.248,115.90885162354,206.69206237793,-2.5,4
1586280932.3606,116.32483673096,206.69177246094,-2.5,4
1586280932.4692,116.74082183838,206.69149780273,-2.5,4
1586280932.5769,117.15282440186,206.69122314453,-2.5,4
1586280932.6894,117.70082855225,206.69088745117,-2.5,4
1586280932.798,118.11681365967,206.69062805176,-2.5,4
1586280932.9058,118.53279876709,206.69035339355,-2.5,4
1586280933.0135,118.94480133057,206.69007873535,-2.5,4
1586280933.1281,119.36080169678,206.68978881836,-2.5,4
1586280933.2358,119.90479278564,206.68942260742,-2.5,4
1586280933.3446,120.31678009033,206.68914794922,-2.5,4
1586280933.4513,120.72476959229,206.68887329102,-2.5,4
1586280933.5659,121.13276672363,206.68859863281,-2.5,4
1586280933.6747,121.54875183105,206.68830871582,-2.5,4
1586280933.7814,121.96474456787,206.68803405762,-2.5,4
1586280933.8881,122.52471160889,206.68766784668,-2.5,4
1586280934.0019,122.93672180176,206.68739318848,-2.5,4
1586280934.1092,123.34873199463,206.68711853027,-2.5,4
1586280934.2175,123.76472473145,206.68682861328,-2.5,4
1586280934.3312,124.17275238037,206.68655395508,-2.5,4
1586280934.439,124.59273529053,206.68627929688,-2.5,4
1586280934.5466,125.01270294189,206.68600463867,-2.5,4
1586280934.6534,125.56470489502,206.68565368652,-2.5,4
1586280934.767,125.98468017578,206.68533325195,-2.5,4
1586280934.8748,126.4006729126,206.68505859375,-2.5,4
1586280934.9825,126.81665802002,206.68478393555,-2.5,4
1586280935.0912,127.2286605835,206.68450927734,-2.5,4
1586280935.2054,127.78066253662,206.68414306641,-2.5,4
1586280935.3131,128.1967010498,206.6838684082,-2.5,4
1586280935.4219,128.60870361328,206.68359375,-2.5,4
1586280935.5296,129.02471923828,206.6833190918,-2.5,4
1586280935.6439,129.43673706055,206.6830291748,-2.5,4
1586280935.7518,129.85273742676,206.6827545166,-2.5,4
1586280935.858,130.26873779297,206.6824798584,-2.5,4
1586280935.9667,130.82872009277,206.68211364746,-2.5,4
1586280936.0804,131.2447052002,206.68183898926,-2.5,4
1586280936.1882,131.66069030762,206.68156433105,-2.5,4
1586280936.2969,132.07269287109,206.68127441406,-2.5,4
1586280936.4046,132.48471069336,206.68099975586,-2.5,4
1586280936.5194,133.03671264648,206.68063354492,-2.5,4
1586280936.627,133.4527130127,206.68032836914,-2.5,4
1586280936.7348,133.86474609375,206.68008422852,-2.5,4
1586280936.8435,134.28074645996,206.67980957031,-2.5,4
1586280936.9512,134.69674682617,206.67953491211,-2.5,4
1586280937.065,135.11277770996,206.6792755127,-2.5,4
1586280937.1736,135.52880859375,206.67900085449,-2.5,4
1586280937.2813,136.08087158203,206.67861938477,-2.5,4
1586280937.388,136.49691772461,206.67834472656,-2.5,4
1586280937.5017,136.9129486084,206.67807006836,-2.5,4
1586280937.6091,137.32495117188,206.67779541016,-2.5,4
1586280937.7169,137.73698425293,206.67752075195,-2.5,4
1586280937.8302,138.28100585938,206.67721557617,-2.5,4
1586280937.9371,138.68902587891,206.67698669434,-2.5,4
1586280938.0448,139.09703063965,206.6767578125,-2.5,4
1586280938.1595,139.50018310547,206.6187286377,-2.5,4
1586280938.2671,139.9066619873,206.53025817871,-2.5,4
1586280938.3739,140.30918884277,206.4426574707,-2.5,4
1586280938.4815,140.7195892334,206.35331726074,-2.5,4
1586280938.5982,141.25895690918,206.2359161377,-2.5,4
1586280938.7059,141.66149902344,206.1483001709,-2.5,4
1586280938.8136,142.05407714844,206.00108337402,-2.5,4
1586280938.9223,142.3987121582,205.77661132813,-2.5,4
1586280939.03,142.70513916016,205.50720214844,-2.5,4
1586280939.1443,143.12574768066,205.13748168945,-2.5,4
1586280939.252,143.43222045898,204.86807250977,-2.5,4
1586280939.3591,143.74769592285,204.5908203125,-2.5,4
1586280939.4676,144.05712890625,204.31878662109,-2.5,4
1586280939.5753,144.36360168457,204.04940795898,-2.5,4
1586280939.6901,144.76559448242,203.68319702148,-2.5,4
1586280939.7978,145.00961303711,203.35215759277,-2.5,4
1586280939.9056,145.18481445313,202.98393249512,-2.5,4
1586280940.0132,145.35290527344,202.60777282715,-2.5,4
1586280940.1269,145.51937866211,202.23529052734,-2.5,4
1586280940.2346,145.68751525879,201.85911560059,-2.5,4
1586280940.3424,145.91111755371,201.35874938965,-2.5,4
1586280940.4501,146.0775604248,200.98622131348,-2.5,4
1586280940.5647,146.24732971191,200.60639953613,-2.5,4
1586280940.6735,146.38774108887,200.21980285645,-2.5,4
1586280940.7806,146.47225952148,199.81243896484,-2.5,4
1586280940.8883,146.55596923828,199.40898132324,-2.5,4
1586280941.0021,146.63781738281,198.87208557129,-2.5,4
1586280941.1094,146.66340637207,198.46083068848,-2.5,4
1586280941.2181,146.68876647949,198.05352783203,-2.5441737174988,4
1586280941.3258,146.71517944336,197.64726257324,-2.4404799938202,4
1586280941.4402,146.75059509277,197.11415100098,-2.2999374866486,4
1586280941.5485,146.77729797363,196.71240234375,-2.1953754425049,4
1586280941.6552,146.80369567871,196.31451416016,-2.0917587280273,4
1586280941.7684,146.7780456543,195.9129486084,-1.987122297287,4
1586280941.8761,146.74186706543,195.51184082031,-1.8827309608459,4
1586280941.9838,146.70599365234,195.11457824707,-1.7792100906372,4
1586280942.0916,146.6579284668,194.58233642578,-1.6406726837158,4
1586280942.2062,146.62170410156,194.1812286377,-1.5362131595612,4
1586280942.314,146.58583068848,193.78399658203,-1.4327664375305,4
1586280942.4226,146.54998779297,193.38674926758,-1.3292526006699,4
1586280942.5303,146.5443572998,192.9881439209,-1.2255203723907,4
1586280942.6381,146.53874206543,192.58955383301,-1.1216605901718,4
1586280942.7517,146.53129577637,192.06326293945,-0.98460102081299,4
1586280942.8589,146.52563476563,191.65525817871,-0.88139188289642,4
1586280942.9665,146.51998901367,191.2502746582,-0.7864625453949,4
1586280943.0806,146.51449584961,190.85313415527,-0.69333255290985,4
1586280943.1873,146.50889587402,190.44816589355,-0.59846591949463,4
1586280943.295,146.50148010254,189.91078186035,-0.47247153520584,4
1586280943.4098,146.49586486816,189.50581359863,-0.37764942646027,4
1586280943.5174,146.4903717041,189.10861206055,-0.2844603061676,4
1586280943.6242,146.48475646973,188.70361328125,-0.18958878517151,4
1586280943.7319,146.47917175293,188.29864501953,-0.094674289226532,4
1586280943.8407,146.47367858887,187.90148925781,0,4
1586280943.9543,146.46653747559,187.35765075684,0,4
1586280944.062,146.46102905273,186.94169616699,0,4
1586280944.1707,146.45552062988,186.52574157715,0,4
1586280944.2784,146.45011901855,186.11781311035,0,4
1586280944.3921,146.44458007813,185.69784545898,0,4
1586280944.4995,146.43719482422,185.14189147949,0,4
1586280944.6072,146.43179321289,184.7339630127,0,4
1586280944.7229,146.42626953125,184.31800842285,0,4
1586280944.8301,146.42080688477,183.90606689453,0,4
1586280944.9378,146.41534423828,183.49415588379,0,4
1586280945.0458,146.4098815918,183.08224487305,0,4
1586280945.1535,146.40255737305,182.53036499023,0,4
1586280945.2672,146.39697265625,182.11045837402,0,4
1586280945.375,146.39157104492,181.70259094238,0,4
1586280945.4827,146.38610839844,181.29071044922,0,4
1586280945.5984,146.3805847168,180.87481689453,0,4
1586280945.706,146.3733215332,180.32695007324,0,4
1586280945.8137,146.36778259277,179.90707397461,0,4
1586280945.9225,146.36227416992,179.49118041992,0,4
1586280946.0287,146.35681152344,179.07926940918,0,4
1586280946.1434,146.3512878418,178.66334533691,0,4
1586280946.2511,146.34582519531,178.25144958496,0,4
1586280946.3577,146.34024047852,177.83149719238,0,4
1586280946.4665,146.33299255371,177.2836151123,0,4
1586280946.5805,146.32754516602,176.87168884277,0,4
1586280946.687,146.32218933105,176.46380615234,0,4
1586280946.7953,146.31683349609,176.05590820313,0,4
1586280946.909,146.30960083008,175.50805664063,0,4
1586280947.0165,146.30419921875,175.10018920898,0,4
1586280947.1243,146.29875183105,174.68826293945,0,4
1586280947.2321,146.29335021973,174.28036499023,0,4
1586280947.3483,146.2879486084,173.87243652344,0,4
1586280947.4561,146.28071594238,173.32450866699,0,4
1586280947.5638,146.27528381348,172.91256713867,0,4
1586280947.6725,146.26976013184,172.49658203125,0,4
1586280947.7802,146.26426696777,172.08062744141,0,4
1586280947.8879,146.25880432129,171.66868591309,0,4
1586280948.0016,146.25328063965,171.25277709961,0,4
1586280948.1094,146.24769592285,170.83285522461,0,4
1586280948.2171,146.24043273926,170.28500366211,0,4
1586280948.3307,146.23490905762,169.86911010742,0,4
1586280948.4381,146.22938537598,169.45318603516,0,4
1586280948.5465,146.22380065918,169.03323364258,0,4
1586280948.6542,146.21839904785,168.62535095215,0,4
1586280948.7679,146.21101379395,168.06942749023,0,4
1586280948.8752,146.20561218262,167.66156005859,0,4
1586280948.9824,146.20014953613,167.24963378906,0,4
1586280949.0911,146.1946105957,166.83367919922,0,4
1586280949.2048,146.18920898438,166.42576599121,0,4
1586280949.3124,146.18368530273,166.00982666016,0,4
1586280949.4211,146.17642211914,165.46197509766,0,4
1586280949.5288,146.17098999023,165.0500793457,0,4
1586280949.6435,146.16555786133,164.63816833496,0,4
1586280949.7512,146.16015625,164.23027038574,0,4
1586280949.859,146.1547088623,163.81832885742,0,4
1586280949.9677,146.14916992188,163.40242004395,0,4
1586280950.0812,146.14192199707,162.85455322266,0,4
1586280950.188,146.13641357422,162.43864440918,0,4
1586280950.2966,146.13090515137,162.02275085449,0,4
1586280950.4044,146.12554931641,161.61488342285,0,4
1586280950.5171,146.12004089355,161.19898986816,0,4
1586280950.6239,146.11279296875,160.65115356445,0,4
1586280950.7312,146.10731506348,160.23522949219,0,4
1586280950.8467,146.10188293457,159.82334899902,0,4
1586280950.9544,146.09648132324,159.41543579102,0,4
1586280951.0621,146.09101867676,159.00354003906,0,4
1586280951.1708,146.08549499512,158.58763122559,0,4
1586280951.2786,146.07810974121,158.03173828125,0,4
1586280951.3932,146.07264709473,157.61982727051,0,4
1586280951.5009,146.06718444824,157.20791625977,0,4
1586280951.6087,146.06172180176,156.79600524902,0,4
1586280951.7174,146.05613708496,156.37605285645,0,4
1586280951.8311,146.04881286621,155.82412719727,0,4
1586280951.9386,146.04322814941,155.40412902832,0,4
1586280952.0473,146.03770446777,154.98820495605,0,4
1586280952.1549,146.03211975098,154.56828308105,0,4
1586280952.2626,146.02665710449,154.15640258789,0,4
1586280952.3764,146.02114868164,153.74049377441,0,4
1586280952.484,146.01568603516,153.32858276367,0,4
1586280952.5917,146.01016235352,152.91265869141,0,4
1586280952.7064,146.00291442871,152.36476135254,0,4
1586280952.8132,145.99745178223,151.9528503418,0,4
1586280952.9209,145.99209594727,151.54495239258,0,4
1586280953.0286,145.9864654541,151.12101745605,0,4
1586280953.1423,145.98100280762,150.70909118652,0,4
1586280953.25,145.97541809082,150.28910827637,0,4
1586280953.3568,145.96813964844,149.73719787598,0,4
1586280953.4712,145.96273803711,149.32928466797,0,4
1586280953.5785,145.95715332031,148.90930175781,0,4
1586280953.6853,145.95179748535,148.50135803223,0,4
1586280953.7939,145.94633483887,148.0894317627,0,4
1586280953.9077,145.93873596191,147.55233764648,-0.18074703216553,4
1586280954.0153,145.93315124512,147.16296386719,-0.30242717266083,4
1586280954.1221,145.92756652832,146.77349853516,-0.42413449287415,4
1586280954.2358,145.92189025879,146.38020324707,-0.54703903198242,4
1586280954.3446,145.91622924805,145.98696899414,-0.66992509365082,4
1586280954.4522,145.9086151123,145.46008300781,-0.83457708358765,4
1586280954.56,145.90289306641,145.06300354004,-0.95866370201111,4
1586280954.6766,145.89730834961,144.67358398438,-1.0803580284119,4
1586280954.7844,145.89155578613,144.27651977539,-1.2044401168823,4
1586280954.891,145.88597106934,143.88711547852,-1.3261293172836,4
1586280954.9987,145.88038635254,143.49771118164,-1.4478185176849,4
1586280955.1064,145.87286376953,142.97473144531,-1.6112501621246,4
1586280955.2221,145.86712646484,142.57766723633,-1.7353324890137,4
1586280955.3293,145.86143493652,142.18447875977,-1.8582036495209,4
1586280955.436,145.8557434082,141.79127502441,-1.9810800552368,4
1586280955.5446,145.85005187988,141.39805603027,-2.1039595603943,4
1586280955.659,145.84230041504,140.86351013184,-2.2710053920746,4
1586280955.7667,145.83648681641,140.46258544922,-2.3962941169739,4
1586280955.8742,145.83085632324,140.07321166992,-2.5,4
1586280955.9815,145.82525634766,139.66345214844,-2.5,4
1586280956.0982,145.81980895996,139.25151062012,-2.5,4
1586280956.2059,145.81422424316,138.83155822754,-2.5,4
1586280956.3137,145.80699157715,138.28364562988,-2.5,4
1586280956.4214,145.80152893066,137.87171936035,-2.5,4
1586280956.5291,145.76593017578,137.45802307129,-2.5,4
1586280956.6428,145.64323425293,137.06546020508,-2.5,4
1586280956.7506,145.43716430664,136.70492553711,-2.5,4
1586280956.8572,145.18063354492,136.37745666504,-2.5,4
1586280956.9659,144.92654418945,136.05313110352,-2.5,4
1586280957.0796,144.59107971191,135.62489318848,-2.5,4
1586280957.1873,144.33703613281,135.30058288574,-2.5,4
1586280957.296,144.08297729492,134.97625732422,-2.5,4
1586280957.4034,143.83139038086,134.65505981445,-2.5,4
1586280957.5181,143.49099731445,134.22052001953,-2.5,4
1586280957.6248,143.23449707031,133.89306640625,-2.5,4
1586280957.7324,142.98043823242,133.5687713623,-2.5,4
1586280957.841,142.72634887695,133.24446105957,-2.5,4
1586280957.9542,142.46981811523,132.91702270508,-2.5,4
1586280958.062,142.2181854248,132.59585571289,-2.5,4
1586280958.1706,141.88027954102,132.16450500488,-2.5,4
1586280958.2783,141.62620544434,131.84019470215,-2.5,4
1586280958.3921,141.36968994141,131.51272583008,-2.5,4
1586280958.4998,141.11315917969,131.1852722168,-2.5,4
1586280958.6066,140.8591003418,130.86096191406,-2.5,4
1586280958.7223,140.51873779297,130.42645263672,-2.5,4
1586280958.8299,140.26467895508,130.10214233398,-2.5,4
1586280958.9367,140.01063537598,129.77783203125,-2.5,4
1586280959.0453,139.7565612793,129.4535369873,-2.5,4
1586280959.16,139.50006103516,129.12608337402,-2.5,4
1586280959.2678,139.15719604492,128.68843078613,-2.5,4
1586280959.3743,138.89547729492,128.37055969238,-2.5,4
1586280959.4821,138.59442138672,128.08338928223,-2.5,4
1586280959.5907,138.29916381836,127.80181121826,-2.5,4
1586280959.7054,138.00102233887,127.51745605469,-2.5,4
1586280959.8128,137.70001220703,127.23036193848,-2.5,4
1586280959.9206,137.40191650391,126.94602203369,-2.5,4
1586280960.034,137.0122833252,126.56102752686,-2.5,4
1586280960.1411,136.73510742188,126.25617218018,-2.5,4
1586280960.2485,136.45791625977,125.9513092041,-2.5,4
1586280960.3628,136.18334960938,125.64936065674,-2.5,4
1586280960.4718,135.8092956543,125.2379989624,-2.5,4
1586280960.5794,135.5294342041,124.93018341064,-2.5,4
1586280960.6872,135.25224304199,124.62532806396,-2.5,4
1586280960.7951,134.9723815918,124.31751251221,-2.5,4
1586280960.9098,134.69784545898,124.01557159424,-2.5,4
1586280961.0175,134.41798400879,123.70776367188,-2.5,4
1586280961.1252,134.14344787598,123.40582275391,-2.5,4
1586280961.232,133.77471923828,123.00028991699,-2.5,4
1586280961.3476,133.49752807617,122.69541168213,-2.5,4
1586280961.4553,133.22032165527,122.39051055908,-2.5,4
1586280961.563,132.94311523438,122.08562469482,-2.5,4
1586280961.6717,132.66323852539,121.77780151367,-2.5,4
1586280961.7785,132.29187011719,121.36933898926,-2.5,4
1586280961.8931,132.01733398438,121.06739807129,-2.5,4
1586280962.0007,131.74012756348,120.76253509521,-2.5,4
1586280962.1083,131.46026611328,120.45472717285,-2.5,4
1586280962.2169,131.18572998047,120.15277099609,-2.5,4
1586280962.3301,130.81169128418,119.74141693115,-2.5,4
1586280962.4369,130.53715515137,119.43947601318,-2.5,4
1586280962.5443,130.25727844238,119.13168334961,-2.5,4
1586280962.6585,129.9747467041,118.82096862793,-2.5,4
1586280962.7661,129.69757080078,118.51610565186,-2.5,4
1586280962.8739,129.4150390625,118.20536804199,-2.5,4
1586280962.9816,129.1351776123,117.89752197266,-2.5,4
1586280963.0973,128.7664642334,117.49198913574,-2.5,4
1586280963.205,128.48657226563,117.18417358398,-2.5,4
1586280963.3127,128.20402526855,116.87336730957,-2.5,4
1586280963.4214,127.92687225342,116.56852722168,-2.5,4
1586280963.5282,127.6470489502,116.26074981689,-2.5,4
1586280963.6429,127.28114318848,115.85826873779,-2.5,4
1586280963.7503,127.00131988525,115.55049133301,-2.5,4
1586280963.8571,126.72151184082,115.24272918701,-2.5,4
1586280963.9657,126.44169616699,114.93495941162,-2.5,4
1586280964.0803,126.20998382568,114.59030914307,-2.5,4
1586280964.1871,126.03022003174,114.21509552002,-2.5,4
1586280964.2957,125.85221099854,113.8434753418,-2.5,4
1586280964.4035,125.62457275391,113.34522247314,-2.5,4
1586280964.5171,125.50194549561,112.95184326172,-2.5,4
1586280964.6239,125.37693786621,112.55083465576,-2.5,4
1586280964.7315,125.25550842285,112.1612701416,-2.5,4
1586280964.8482,125.09241485596,111.63804626465,-2.5,4
1586280964.9559,124.99852752686,111.23763275146,-2.5,4
1586280965.0636,124.96289825439,110.82716369629,-2.5,4
1586280965.1715,124.92691802979,110.41273498535,-2.5,4
1586280965.2782,124.89094543457,109.99831390381,-2.5,4
1586280965.3923,124.85462188721,109.57991790771,-2.5,4
1586280965.5,124.81865692139,109.16548156738,-2.5,4
1586280965.6073,124.77127838135,108.61952209473,-2.5,4
1586280965.723,124.73532104492,108.20510101318,-2.5,4
1586280965.8307,124.69970703125,107.7946395874,-2.5,4
1586280965.9372,124.66410827637,107.38417816162,-2.5,4
1586280966.0458,124.62815093994,106.96975708008,-2.5,4
1586280966.1533,124.59254455566,106.5592956543,-2.5,4
1586280966.2675,124.54411315918,106.00140380859,-2.5,4
1586280966.3753,124.5085144043,105.59093475342,-2.5,4
1586280966.483,124.47254180908,105.17649841309,-2.5,4
1586280966.5916,124.4369430542,104.76602935791,-2.5,4
1586280966.7063,124.40134429932,104.35557556152,-2.5,4
1586280966.814,124.36610412598,103.94908905029,-2.5,4
1586280966.9219,124.31873321533,103.40315246582,-2.5,4
1586280967.0285,124.28240966797,102.98474121094,-2.5655627250671,4
1586280967.1432,124.24674224854,102.57524108887,-2.5306901931763,4
1586280967.251,124.1891708374,102.16664886475,-2.4787187576294,4
1586280967.3574,124.10272216797,101.76302337646,-2.4267311096191,4
1586280967.466,124.01628875732,101.35940551758,-2.3747894763947,4
1586280967.5807,123.89247894287,100.82415771484,-2.3092303276062,4
1586280967.6878,123.79688262939,100.4208984375,-2.273241519928,4
1586280967.7964,123.70217895508,100.021484375,-2.23774933815,4
1586280967.9033,123.61199188232,99.624641418457,-2.1753764152527,4
1586280968.0169,123.51821899414,99.219573974609,-2.1624813079834,4
1586280968.1246,123.42535400391,98.818428039551,-2.1498651504517,4
1586280968.2323,123.30442047119,98.425643920898,-2.1340472698212,4
1586280968.3481,123.06898498535,97.927185058594,-2.1044027805328,4
1586280968.4557,122.88983917236,97.547904968262,-2.0818383693695,4
1586280968.5634,122.7141418457,97.175895690918,-2.0597052574158,4
1586280968.6721,122.53672790527,96.800270080566,-2.0373561382294,4
1586280968.7785,122.35961151123,96.428451538086,-2.0255351066589,4
1586280968.8922,122.12308502197,95.934059143066,-2.0218987464905,4
1586280969,121.94701385498,95.565994262695,-2.0191929340363,4
1586280969.1072,121.82614898682,95.313407897949,-2.028781414032,4
1586280969.2234,121.5583190918,94.751007080078,-1.9829132556915,4
1586280969.3311,121.38201141357,94.379867553711,-1.9526772499084,4
1586280969.438,121.20398712158,94.005126953125,-1.9221456050873,4
1586280969.5456,121.00173187256,93.648361206055,-1.8907423019409,4
1586280969.6593,120.64687347412,93.238822937012,-1.8459224700928,4
1586280969.767,120.3751449585,92.936309814453,-1.8121275901794,4
1586280969.8738,120.09539031982,92.624908447266,-1.781804561615,4
1586280969.9815,119.8229598999,92.32186126709,-1.8025667667389,4
1586280970.0982,119.55053710938,92.018814086914,-1.8233489990234,4
1586280970.2058,119.27542114258,91.712783813477,-1.844336271286,4
1586280970.3136,118.87212371826,91.33854675293,-1.8757417201996,4
1586280970.4222,118.55226135254,91.072937011719,-1.8962712287903,4
1586280970.5293,118.23831176758,90.812408447266,-1.8752655982971,4
1586280970.643,117.91815948486,90.546752929688,-1.8750598430634,4
1586280970.7508,117.59801483154,90.281105041504,-1.8748540878296,4
1586280970.8582,117.28405761719,90.020584106445,-1.8746519088745,4
1586280970.9659,116.86235046387,89.670654296875,-1.8743805885315,4
1586280971.0803,116.57414245605,89.365463256836,-1.8700678348541,4
1586280971.188,116.29592895508,89.056159973145,-1.8681726455688,4
1586280971.2957,116.01760101318,88.747001647949,-1.8598937988281,4
1586280971.4034,115.74182128906,88.441108703613,-1.8443584442139,4
1586280971.5182,115.4606628418,88.129295349121,-1.8356704711914,4
1586280971.6249,115.09510040283,87.721527099609,-1.8532562255859,4
1586280971.7325,114.82291412354,87.417922973633,-1.8663492202759,4
1586280971.8478,114.54805755615,87.111320495605,-1.8795711994171,4
1586280971.9556,114.27317810059,86.804702758789,-1.8927941322327,4
1586280972.0633,113.9983291626,86.498107910156,-1.9207608699799,4
1586280972.1711,113.71778106689,86.19255065918,-1.9524290561676,4
1586280972.2785,113.34286499023,85.784187316895,-1.9948244094849,4
1586280972.3932,113.06234741211,85.478637695313,-2.0265460014343,4
1586280972.5009,112.78452301025,85.176071166992,-2.0579555034637,4
1586280972.6084,112.50938415527,84.876441955566,-2.1062517166138,4
1586280972.7171,112.23023223877,84.569259643555,-2.1208024024963,4
1586280972.8313,111.86608886719,84.16015625,-2.0750117301941,4
1586280972.9391,111.61507415771,83.83447265625,-2.0655453205109,4
1586280973.0468,111.41204833984,83.475944519043,-2.0639071464539,4
1586280973.1534,111.20900726318,83.117393493652,-2.0622925758362,4
1586280973.2681,111.00793457031,82.762313842773,-2.0606939792633,4
1586280973.3758,110.80293273926,82.40030670166,-2.0590634346008,4
1586280973.4823,110.53089904785,81.919937133789,-2.0568990707397,4
1586280973.5911,110.32982635498,81.564865112305,-2.0552999973297,4
1586280973.7048,110.17152404785,81.189125061035,-2.0601232051849,4
1586280973.8122,110.02044677734,80.805892944336,-2.0721447467804,4
1586280973.9209,109.86991119385,80.422454833984,-2.0738832950592,4
1586280974.0287,109.71912384033,80.034812927246,-2.056459903717,4
1586280974.1421,109.52195739746,79.527969360352,-2.0461864471436,4
1586280974.2498,109.37117004395,79.140327453613,-2.0383324623108,4
1586280974.3575,109.24858856201,78.743537902832,-2.0343148708344,4
1586280974.4662,109.15418243408,78.334281921387,-2.0343191623688,4
1586280974.5808,109.03001403809,77.796401977539,-2.03431391716,4
1586280974.6875,108.93646240234,77.391052246094,-2.0343124866486,4
1586280974.7962,108.84378051758,76.989585876465,-2.0343353748322,4
1586280974.9039,108.74942779541,76.580322265625,-2.0356874465942,4
1586280975.0186,108.65348815918,76.171607971191,-2.0480279922485,4
1586280975.1264,108.55846405029,75.766807556152,-2.0602087974548,4
1586280975.2341,108.49343109131,75.365020751953,-2.0757777690887,4
1586280975.3418,108.45631408691,74.955139160156,-2.0951323509216,4
1586280975.4565,108.40629577637,74.402008056641,-2.1212594509125,4
1586280975.5642,108.36885070801,73.988151550293,-2.1408052444458,4
1586280975.6725,108.33128356934,73.582618713379,-2.1728951931,4
1586280975.7802,108.29148864746,73.169906616211,-2.2066030502319,4
1586280975.8939,108.25203704834,72.761161804199,-2.2400290966034,4
1586280976.0012,108.20640563965,72.199188232422,-2.2143733501434,4
1586280976.1085,108.18407440186,71.924171447754,-2.2081048488617,4
1586280976.2169,108.14919281006,71.377662658691,-2.197033405304,4
1586280976.3306,108.20274353027,70.965850830078,-2.200621843338,4
1586280976.4374,108.28335571289,70.558303833008,-2.2300000190735,4
1586280976.546,108.35953521729,70.154846191406,-2.263881444931,4
1586280976.6594,108.46085357666,69.618202209473,-2.3089525699615,4
1586280976.7672,108.53628540039,69.21866607666,-2.3492922782898,4
1586280976.8749,108.62206268311,68.815895080566,-2.3376235961914,4
1586280976.9826,108.70783233643,68.413124084473,-2.3238325119019,4
1586280977.0913,108.79445648193,68.00643157959,-2.311371088028,4
1586280977.2051,108.99928283691,67.495712280273,-2.3176372051239,4
1586280977.3127,109.19113922119,67.13143157959,-2.3343992233276,4
1586280977.4211,109.38562011719,66.763916015625,-2.3396461009979,4
1586280977.5285,109.58345031738,66.393486022949,-2.3449349403381,4
1586280977.6431,109.77758026123,66.030128479004,-2.3639717102051,4
1586280977.7509,109.97328948975,65.667770385742,-2.3561420440674,4
1586280977.8582,110.17417907715,65.30396270752,-2.3278214931488,4
1586280977.967,110.44268035889,64.817718505859,-2.3033938407898,4
1586280978.0817,110.63973999023,64.460906982422,-2.2854642868042,4
1586280978.1895,110.84065246582,64.097114562988,-2.2707958221436,4
1586280978.2982,111.03827667236,63.74095916748,-2.2494733333588,4
1586280978.4049,111.24087524414,63.379131317139,-2.2053008079529,4
1586280978.5182,111.50916290283,62.904296875,-2.1625070571899,4
1586280978.6249,111.71179962158,62.554634094238,-2.1027948856354,4
1586280978.7326,111.91843414307,62.198123931885,-2.0457737445831,4
1586280978.8412,112.12305450439,61.845035552979,-1.9892227649689,4
1586280978.9549,112.32968139648,61.48851776123,-1.932165145874,4
1586280979.0626,112.54029083252,61.125144958496,-1.8740839958191,4
1586280979.1712,112.81079101563,60.648773193359,-1.7869200706482,4
1586280979.2849,113.00465393066,60.285961151123,-1.764972448349,4
1586280979.3926,113.19836425781,59.926982879639,-1.7726807594299,4
1586280979.5002,113.39589691162,59.560939788818,-1.7804026603699,4
1586280979.608,113.59152984619,59.198417663574,-1.7881283760071,4
1586280979.7163,113.78526306152,58.839420318604,-1.7957799434662,4
1586280979.831,114.04736328125,58.353713989258,-1.8061327934265,4
1586280979.9387,114.24489593506,57.987663269043,-1.8139350414276,4
1586280980.0466,114.44242095947,57.621616363525,-1.8217377662659,4
1586280980.1543,114.63801574707,57.259094238281,-1.829466342926,4
1586280980.269,114.83174133301,56.900108337402,-1.8371179103851,4
1586280980.3758,115.09398651123,56.414619445801,-1.8545761108398,4
1586280980.4834,115.22348022461,56.175682067871,-1.8657631874084,4
1586280980.5922,115.48438262939,55.694305419922,-1.8883006572723,4
1586280980.7068,115.68053436279,55.332382202148,-1.9052457809448,4
1586280980.8136,115.87858581543,54.966945648193,-1.9223556518555,4
1586280980.9221,116.07661437988,54.601505279541,-1.9394664764404,4
1586280981.0295,116.27465820313,54.236072540283,-1.9597074985504,4
1586280981.1432,116.53366088867,53.758155822754,-1.9789452552795,4
1586280981.2509,116.73170471191,53.392574310303,-1.9912257194519,4
1586280981.3586,116.87306976318,53.011009216309,-2.017648935318,4
1586280981.4669,116.94058227539,52.601264953613,-2.0338261127472,4
1586280981.5806,117.01570892334,52.05443572998,-2.0289499759674,4
1586280981.6884,117.07178497314,51.646305084229,-2.0558180809021,4
1586280981.797,117.09852600098,51.235942840576,-2.0448336601257,4
1586280981.9047,117.04595947266,50.823734283447,-2.0552399158478,4
1586280982.0194,116.98358154297,50.412654876709,-2.0177738666534,4
1586280982.1271,116.92120361328,50.001556396484,-2.0041172504425,4
1586280982.2338,116.85942840576,49.594425201416,-1.9905924797058,4
1586280982.3416,116.74885559082,49.058986663818,-1.9719347953796,4
1586280982.4563,116.58208465576,48.678470611572,-1.9560563564301,4
1586280982.5639,116.40925598145,48.309204101563,-1.940319776535,4
1586280982.6719,116.18125152588,47.962539672852,-1.9235944747925,4
1586280982.7793,115.90225219727,47.649013519287,-1.9063053131104,4
1586280982.893,115.53559112549,47.236972808838,-1.8909976482391,4
1586280983.0011,115.26483154297,46.932033538818,-1.9003455638885,4
1586280983.1074,114.99356079102,46.627380371094,-1.8949933052063,4
1586280983.216,114.71961975098,46.319969177246,-1.9093313217163,4
1586280983.3307,114.44303131104,46.009582519531,-1.9238080978394,4
1586280983.4385,114.02116394043,45.668117523193,-1.9410860538483,4
1586280983.5472,113.68444824219,45.424152374268,-1.95383644104,4
1586280983.654,113.34775543213,45.180202484131,-1.9665856361389,4
1586280983.7676,113.01756286621,44.940956115723,-1.9790892601013,4
1586280983.8754,112.68411254883,44.699359893799,-1.9917159080505,4
1586280983.983,112.35065460205,44.457740783691,-2.0091211795807,4
1586280984.0917,111.87078094482,44.195308685303,-2.0412797927856,4
1586280984.2059,111.50629425049,44.0036277771,-2.0440928936005,4
1586280984.3136,111.14176177979,43.811595916748,-2.0468773841858,4
1586280984.4224,110.78073883057,43.621410369873,-2.049674987793,4
1586280984.5291,110.41971588135,43.431232452393,-2.052472114563,4
1586280984.6429,109.92778778076,43.172100067139,-2.0562829971313,4
1586280984.7494,109.56324768066,42.980060577393,-2.0591077804565,4
1586280984.863,109.19167327881,42.784317016602,-2.0691275596619,4
1586280984.9703,108.82319641113,42.593044281006,-2.0957627296448,4
1586280985.0779,108.45471191406,42.401775360107,-2.1224131584167,4
1586280985.1857,108.08975219727,42.212345123291,-2.170939207077,4
1586280985.2943,107.6129989624,41.961738586426,-2.2722313404083,4
1586280985.4081,107.25806427002,41.775157928467,-2.3476991653442,4
1586280985.5157,106.89963531494,41.586753845215,-2.4239087104797,4
1586280985.6235,106.54468536377,41.400173187256,-2.5,4
1586280985.7371,106.18225860596,41.209232330322,-2.5,4
1586280985.845,105.69757843018,40.953609466553,-2.5,4
1586280985.9521,105.33318328857,40.761425018311,-2.5,4
1586280986.0658,104.9652557373,40.567390441895,-2.5,4
1586280986.1744,104.59380340576,40.371490478516,-2.5,4
1586280986.2821,104.2258682251,40.177444458008,-2.5,4
1586280986.3895,103.85440063477,39.981544494629,-2.5,4
1586280986.4972,103.49354553223,39.79122543335,-2.5,4
1586280986.6107,103.00532531738,39.533744812012,-2.5,4
1586280986.719,102.63738250732,39.339706420898,-2.5,4
1586280986.8259,102.26947021484,39.145664215088,-2.5,4
1586280986.9406,101.90506744385,38.953483581543,-2.5,4
1586280987.0493,101.53714752197,38.759441375732,-2.5,4
1586280987.1571,101.04540252686,38.500106811523,-2.5,4
1586280987.2638,100.68101501465,38.307926177979,-2.5,4
1586280987.3785,100.31661987305,38.115749359131,-2.5,4
1586280987.4862,99.952217102051,37.923564910889,-2.5,4
1586280987.5939,99.584297180176,37.729526519775,-2.5,4
1586280987.7016,99.219886779785,37.537342071533,-2.5,4
1586280987.8094,98.738731384277,37.283576965332,-2.5,4
1586280987.9261,98.377853393555,37.093250274658,-2.5,4
1586280988.0336,98.016998291016,36.902927398682,-2.5,4
1586280988.1413,97.656143188477,36.7126121521,-2.5,4
1586280988.2486,97.288215637207,36.518573760986,-2.5,4
1586280988.3624,96.807075500488,36.264820098877,-2.5,4
1586280988.4711,96.439147949219,36.070777893066,-2.5,4
1586280988.5788,96.071220397949,35.876731872559,-2.5,4
1586280988.6866,95.70329284668,35.682689666748,-2.5,4
1586280988.7954,95.338897705078,35.4905128479,-2.5,4
1586280988.909,94.843643188477,35.229309082031,-2.5,4
1586280989.0167,94.482772827148,35.038990020752,-2.5,4
1586280989.1245,94.118377685547,34.84680557251,-2.5,4
1586280989.2322,93.757514953613,34.656490325928,-2.5,4
1586280989.3478,93.393127441406,34.464317321777,-2.5,4
1586280989.4553,92.90843963623,34.208683013916,-2.5,4
1586280989.5621,92.544052124023,34.016502380371,-2.5,4
1586280989.6697,92.179641723633,33.824325561523,-2.5,4
1586280989.7834,91.808181762695,33.628421783447,-2.5,4
1586280989.8907,91.436714172363,33.432518005371,-2.5,4
1586280989.9981,91.068778991699,33.238471984863,-2.5,4
1586280990.1119,90.70085144043,33.044437408447,-2.5,4
1586280990.2196,90.216171264648,32.788803100586,-2.5,4
1586280990.3263,89.851760864258,32.596611022949,-2.5,4
1586280990.441,89.483840942383,32.402568817139,-2.5,4
1586280990.5496,89.119453430176,32.210388183594,-2.5,4
1586280990.6574,88.751510620117,32.016342163086,-2.5,4
1586280990.7651,88.383583068848,31.822299957275,-2.5,4
1586280990.8728,87.898895263672,31.566682815552,-2.5,4
1586280990.9866,87.530975341797,31.372648239136,-2.5,4
1586280991.0943,87.163055419922,31.178607940674,-2.5,4
1586280991.2015,86.791580200195,30.982702255249,-2.5,4
1586280991.3152,86.427185058594,30.790531158447,-2.5,4
1586280991.4225,86.062782287598,30.598348617554,-2.5,4
1586280991.5302,85.565872192383,30.369695663452,-2.5,4
1586280991.6435,85.164878845215,30.258892059326,-2.5027892589569,4
1586280991.7512,84.772743225098,30.151292800903,-2.4692857265472,4
1586280991.8588,84.376770019531,30.042644500732,-2.4351706504822,4
1586280991.9675,83.980796813965,29.933986663818,-2.4011979103088,4
1586280992.0752,83.580986022949,29.824281692505,-2.3668985366821,4
1586280992.188,83.05387878418,29.679491043091,-2.3349621295929,4
1586280992.2966,82.65283203125,29.568992614746,-2.3298449516296,4
1586280992.404,82.25178527832,29.458498001099,-2.3336288928986,4
1586280992.5183,81.851486206055,29.350419998169,-2.29239153862,4
1586280992.6261,81.437530517578,29.29168510437,-2.2549440860748,4
1586280992.7338,81.025871276855,29.243488311768,-2.2191028594971,4
1586280992.8424,80.479690551758,29.179534912109,-2.1715564727783,4
1586280992.9503,80.068054199219,29.131338119507,-2.142037153244,4
1586280993.0635,79.655487060547,29.078517913818,-2.1494753360748,4
1586280993.1713,79.242904663086,29.025699615479,-2.1569902896881,4
1586280993.2849,78.838233947754,28.973892211914,-2.1704938411713,4
1586280993.3912,78.429458618164,28.922500610352,-2.1718649864197,4
1586280993.4985,77.879325866699,28.912599563599,-2.1720287799835,4
1586280993.6122,77.472763061523,28.977693557739,-2.186511516571,4
1586280993.72,77.062271118164,29.043426513672,-2.201135635376,4
1586280993.8276,76.65177154541,29.109148025513,-2.2157583236694,4
1586280993.9355,76.249122619629,29.173608779907,-2.2339775562286,4
1586280994.0441,75.834686279297,29.240282058716,-2.2448627948761,4
1586280994.1578,75.293899536133,29.328098297119,-2.2529513835907,4
1586280994.2645,74.891250610352,29.393484115601,-2.260951757431,4
1586280994.3723,74.488616943359,29.458868026733,-2.2786493301392,4
1586280994.4859,74.085968017578,29.524253845215,-2.2769436836243,4
1586280994.5937,73.545570373535,29.614774703979,-2.2616956233978,4
1586280994.7004,73.145782470703,29.711309432983,-2.2578043937683,4
1586280994.814,72.75927734375,29.865161895752,-2.2608277797699,4
1586280994.9227,72.380180358887,30.01605796814,-2.2637810707092,4
1586280995.03,71.98998260498,30.17138671875,-2.2668223381042,4
1586280995.1437,71.603485107422,30.325231552124,-2.2708666324615,4
1586280995.2511,71.094543457031,30.528390884399,-2.2686011791229,4
1586280995.3585,70.708229064941,30.682750701904,-2.266921043396,4
1586280995.4672,70.321922302246,30.837102890015,-2.2652404308319,4
1586280995.5818,69.960456848145,31.034284591675,-2.269670009613,4
1586280995.6895,69.599990844727,31.241884231567,-2.2803392410278,4
1586280995.7982,69.236389160156,31.451955795288,-2.2810626029968,4
1586280995.9049,68.762794494629,31.727289199829,-2.2577919960022,4
1586280996.0186,68.410194396973,31.932273864746,-2.2483520507813,4
1586280996.1263,68.050659179688,32.141315460205,-2.238730430603,4
1586280996.234,67.699676513672,32.356468200684,-2.2302525043488,4
1586280996.3418,67.356903076172,32.591445922852,-2.2104454040527,4
1586280996.456,67.010841369629,32.828681945801,-2.1913645267487,4
1586280996.5633,66.552719116211,33.142730712891,-2.1661024093628,4
1586280996.672,66.213241577148,33.375442504883,-2.1473791599274,4
1586280996.7788,65.897827148438,33.652069091797,-2.1345272064209,4
1586280996.8925,65.596832275391,33.932193756104,-2.1073241233826,4
1586280997.0002,65.295829772949,34.212326049805,-2.0814144611359,4
1586280997.108,64.997764587402,34.489723205566,-2.0557594299316,4
1586280997.2167,64.693832397461,34.772575378418,-2.0296037197113,4
1586280997.3304,64.289649963379,35.147319793701,-2,4
1586280997.4381,63.985942840576,35.425727844238,-2,4
1586280997.5468,63.682243347168,35.70414352417,-2,4
1586280997.6546,63.37894821167,35.981876373291,-2.0258529186249,4
1586280997.7692,62.975788116455,36.350814819336,-2.0664925575256,4
1586280997.876,62.663288116455,36.623310089111,-2.0972073078156,4
1586280997.984,62.340579986572,36.877674102783,-2.1273491382599,4
1586280998.0915,62.020999908447,37.129550933838,-2.1571974754333,4
1586280998.2061,61.698291778564,37.383907318115,-2.1873388290405,4
1586280998.3138,61.378704071045,37.635787963867,-2.2277233600616,4
1586280998.4214,60.945957183838,37.977836608887,-2.2229189872742,4
1586280998.529,60.621246337891,38.236637115479,-2.1926572322845,4
1586280998.6437,60.296535491943,38.495433807373,-2.177969455719,4
1586280998.7505,59.950183868408,38.708801269531,-2.1495938301086,4
1586280998.8581,59.591804504395,38.918025970459,-2.1205463409424,4
1586280998.9668,59.236869812012,39.125225067139,-2.0917773246765,4
1586280999.0815,58.761329650879,39.402835845947,-2.0532324314117,4
1586280999.1893,58.409828186035,39.608005523682,-2.0247409343719,4
1586280999.298,58.054317474365,39.814872741699,-2,4
1586280999.4057,57.684383392334,39.994609832764,-2,4
1586280999.5133,57.298000335693,40.148780822754,-2,4
1586280999.627,56.785297393799,40.35334777832,-2,4
1586280999.7338,56.398914337158,40.507522583008,-2,4
1586280999.8425,56.01623916626,40.660217285156,-2,4
1586280999.9502,55.637260437012,40.811420440674,-2,4
1586281000.0649,55.258274078369,40.962615966797,-2,4
1586281000.1736,54.749263763428,41.16569519043,-2,4
1586281000.2804,54.366584777832,41.318374633789,-2,4
1586281000.388,53.983905792236,41.47106552124,-2,4
1586281000.5027,53.601230621338,41.623752593994,-2,4
1586281000.6104,53.218555450439,41.776443481445,-2,4
1586281000.7191,52.828472137451,41.932109832764,-2,4
1586281000.8269,52.315769195557,42.136684417725,-2,4
1586281000.9405,51.929393768311,42.290859222412,-2,4
1586281001.0492,51.54301071167,42.445030212402,-2,4
1586281001.1565,51.156635284424,42.599212646484,-2,4
1586281001.2642,50.777660369873,42.75040435791,-2,4
1586281001.3778,50.387577056885,42.906074523926,-2,4
1586281001.4841,49.878582000732,43.109161376953,-2,4
1586281001.5929,49.488498687744,43.264823913574,-2,4
1586281001.7005,49.102115631104,43.418994903564,-2,4
1586281001.8143,48.723148345947,43.570190429688,-2,4
1586281001.9226,48.333065032959,43.725856781006,-2,4
1586281002.0304,47.879833221436,43.906715393066,-2,4
1586281002.1381,47.493450164795,44.060894012451,-2,4
1586281002.2528,47.114486694336,44.212089538574,-2,4
1586281002.3605,46.728107452393,44.366264343262,-2,4
1586281002.4692,46.3454246521,44.518947601318,-2,4
1586281002.5764,45.836429595947,44.722038269043,-2,4
1586281002.6902,45.453746795654,44.8747215271,-2,4
1586281002.7988,45.067371368408,45.028896331787,-2,4
1586281002.9056,44.688411712646,45.18009185791,-2,4
1586281003.0183,44.305744171143,45.332782745361,-2,4
1586281003.1251,43.796756744385,45.535865783691,-2,4
1586281003.2325,43.414085388184,45.688549041748,-2,4
1586281003.3412,43.031414031982,45.841236114502,-2,4
1586281003.4559,42.648738861084,45.993919372559,-2,4
1586281003.5626,42.266063690186,46.146598815918,-2,4
1586281003.6713,41.883388519287,46.299282073975,-2,4
1586281003.7781,41.370693206787,46.503856658936,-2,4
1586281003.8927,40.984313964844,46.658031463623,-2,4
1586281003.9995,40.60534286499,46.809234619141,-2,4
1586281004.1072,40.218967437744,46.963409423828,-2,4
1586281004.2222,39.713680267334,47.165008544922,-2,4
1586281004.3297,39.33101272583,47.317691802979,-2,4
1586281004.4375,38.952045440674,47.468891143799,-2,4
1586281004.5458,38.56937789917,47.621578216553,-2,4
1586281004.6536,38.182994842529,47.77575302124,-2,4
1586281004.7682,37.80403137207,47.926948547363,-2,4
1586281004.875,37.295036315918,48.130027770996,-2,4
1586281004.9814,36.916069030762,48.281215667725,-2,4
1586281005.097,36.529693603516,48.435382843018,-2,4
1586281005.2038,36.150730133057,48.586566925049,-2,4
1586281005.3114,35.764354705811,48.740745544434,-2,4
1586281005.4202,35.381687164307,48.893424987793,-2,4
1586281005.5338,34.8581199646,49.091304779053,-2,4
1586281005.6415,34.448173522949,49.157661437988,-2,4
1586281005.7493,34.041748046875,49.193733215332,-2,4
1586281005.8629,33.627380371094,49.230522155762,-2,4
1586281005.9701,33.213008880615,49.267303466797,-2,4
1586281006.0778,32.663173675537,49.316112518311,-2,4
1586281006.1853,32.247665405273,49.302215576172,-2,4
1586281006.2939,31.832361221313,49.27806854248,-2,4
1586281006.4083,31.417051315308,49.253921508789,-2,4
1586281006.516,31.001733779907,49.229766845703,-2,4
1586281006.6233,30.594415664673,49.206089019775,-2,4
1586281006.738,30.051332473755,49.1745262146,-2,4
1586281006.8458,29.640024185181,49.150611877441,-2,4
1586281006.9525,29.228055953979,49.15601348877,-2,4
1586281007.0662,28.820081710815,49.161357879639,-2,4
1586281007.1739,28.408109664917,49.166759490967,-2,4
1586281007.2806,27.98814201355,49.172275543213,-2,4
1586281007.3883,27.572172164917,49.177734375,-2,4
1586281007.503,27.024213790894,49.184917449951,-2,4
1586281007.6107,26.612245559692,49.190311431885,-2,4
1586281007.7194,26.204275131226,49.195644378662,-2,4
1586281007.8271,25.788311004639,49.201099395752,-2,4
1586281007.9348,25.376340866089,49.20650100708,-2,4
1586281008.0512,24.828380584717,49.213684082031,-2,4
1586281008.1588,24.416414260864,49.219081878662,-2,4
1586281008.2665,24.00044631958,49.224536895752,-2,4
1586281008.3733,23.588479995728,49.229934692383,-2,4
1586281008.4879,23.040521621704,49.237117767334,-2,4
1586281008.5966,22.620552062988,49.24263381958,-2,4
1586281008.7043,22.204586029053,49.248092651367,-2,4
1586281008.812,21.78861618042,49.25354385376,-2,4
1586281008.9197,21.36865234375,49.259048461914,-2,4
1586281009.0333,20.956687927246,49.264446258545,-2,4
1586281009.141,20.544719696045,49.269844055176,-2,4
1586281009.2477,20.132747650146,49.275238037109,-2,4
1586281009.3624,19.580791473389,49.28247833252,-2,4
1586281009.4711,19.172822952271,49.287822723389,-2,4
1586281009.5779,18.760852813721,49.293216705322,-2,4
1586281009.6856,18.352886199951,49.2985496521,-2,4
1586281009.7943,17.804931640625,49.305728912354,-2,4
1586281009.9081,17.392967224121,49.311130523682,-2,4
1586281010.0157,16.976999282837,49.316585540771,-2,4
1586281010.1232,16.569030761719,49.321929931641,-2,4
1586281010.2375,16.153062820435,49.32738494873,-2,4
1586281010.3462,15.737095832825,49.332851409912,-2,4
1586281010.4539,15.185139656067,49.340091705322,-2,4
1586281010.5617,14.769172668457,49.345539093018,-2,4
1586281010.6694,14.493194580078,49.349155426025,-2,4
1586281010.7831,13.949234008789,49.35627746582,-2,4
1586281010.8908,13.541263580322,49.361610412598,-2,4
1586281010.9985,13.13329410553,49.366947174072,-2,4
1586281011.1062,12.577341079712,49.374244689941,-2,4
1586281011.2219,12.165372848511,49.37964630127,-2.0267796516418,4
1586281011.3296,11.754486083984,49.385063171387,-2,4
1586281011.4373,11.345701217651,49.390522003174,-1.9250042438507,4
1586281011.5461,10.940887451172,49.395935058594,-1.8744029998779,4
1586281011.6538,10.532103538513,49.401401519775,-1.8233132362366,4
1586281011.7678,9.9804468154907,49.408771514893,-1.7543494701385,4
1586281011.8746,9.5676946640015,49.414283752441,-1.7027637958527,4
1586281011.9817,9.1549406051636,49.419792175293,-1.6511626243591,4
1586281012.0984,8.7501249313354,49.425193786621,-1.6005611419678,4
1586281012.2062,8.198468208313,49.432559967041,-1.5316050052643,4
1586281012.3138,7.7896857261658,49.438018798828,-1.4805077314377,4
1586281012.4226,7.3809018135071,49.443477630615,-1.4294097423553,4
1586281012.5293,6.9721188545227,49.448936462402,-1.3783118724823,4
1586281012.6429,6.5633358955383,49.454395294189,-1.3272140026093,4
1586281012.7508,6.1545543670654,49.459854125977,-1.2761161327362,4
1586281012.8574,5.6108355522156,49.467109680176,-1.2081513404846,4
1586281012.9662,5.1980838775635,49.472618103027,-1.1565573215485,4
1586281013.0808,4.7893023490906,49.478073120117,-1.105459690094,4
1586281013.1885,4.3765501976013,49.483589172363,-1.0538733005524,4
1586281013.2962,3.9637982845306,49.489105224609,-1,4
1586281013.4039,3.5478339195251,49.494564056396,-1,4
1586281013.5177,3.1321976184845,49.439651489258,-1,4
1586281013.6244,2.6105244159698,49.260013580322,-1,4
1586281013.7321,2.2233831882477,49.11905670166,-1,4
1586281013.8408,1.8324890136719,48.976741790771,-1,4
1586281013.9555,1.4415979385376,48.834415435791,-1,4
1586281014.0632,1.0662183761597,48.666301727295,-1,4
1586281014.172,0.63889521360397,48.326034545898,-1,4
1586281014.2787,0.38060566782951,48.00025177002,-1,4
1586281014.3933,0.13269039988518,47.671195983887,-1,4
1586281014.501,-0.11521914601326,47.342132568359,-1,4
1586281014.6078,-0.3631344139576,47.013061523438,-1,4
1586281014.7162,-0.5621377825737,46.648593902588,-1,4
1586281014.8299,-0.78846377134323,46.149509429932,-1,4
1586281014.9367,-0.96027582883835,45.770648956299,-1,4
1586281015.0453,-1.130445599556,45.395412445068,-1,4
1586281015.1588,-1.3022656440735,45.016548156738,-1,4
1586281015.2664,-1.4740834236145,44.637687683105,-1,4
1586281015.3729,-1.6442548036575,44.262454986572,-1,4
1586281015.4873,-1.812776684761,43.890842437744,-1,4
1586281015.5946,-2.0440731048584,43.38081741333,-1,4
1586281015.7022,-2.2142443656921,43.005592346191,-1,4
1586281015.816,-2.4149036407471,42.637481689453,-1,4
1586281015.9246,-2.6853516101837,42.327617645264,-1,4
1586281016.0324,-3.0102288722992,42.074615478516,-1,4
1586281016.1401,-3.4568028450012,41.743408203125,-1,4
1586281016.2479,-3.8073983192444,41.520862579346,-1,4
1586281016.3625,-4.1909880638123,41.371189117432,-1,4
1586281016.4703,-4.5821762084961,41.229675292969,-1,4
1586281016.5769,-4.9733648300171,41.088161468506,-1,4
1586281016.6904,-5.4849286079407,40.903118133545,-1,4
1586281016.7988,-5.8723607063293,40.762969970703,-1,4
1586281016.9055,-6.2597894668579,40.622817993164,-1,4
1586281017.0189,-6.6472210884094,40.482669830322,-1,4
1586281017.1266,-7.03089427948,40.343898773193,-1,4
1586281017.2332,-7.4398775100708,40.24942779541,-1,4
1586281017.3415,-7.9727535247803,40.139976501465,-1,4
1586281017.4562,-8.3763303756714,40.05708694458,-1,4
1586281017.5639,-8.7838277816772,39.973400115967,-1,4
1586281017.6727,-9.187406539917,39.890502929688,-1,4
1586281017.7803,-9.5949029922485,39.806816101074,-1,4
1586281017.8931,-10.131924629211,39.726093292236,-1,4
1586281018.0007,-10.547899246216,39.73067855835,-1,4
1586281018.1085,-10.959875106812,39.735221862793,-1,4
1586281018.2162,-11.375847816467,39.739803314209,-1,4
1586281018.3308,-11.787822723389,39.744338989258,-1,4
1586281018.438,-12.195799827576,39.748825073242,-1,4
1586281018.5467,-12.747763633728,39.754905700684,-1,4
1586281018.6537,-13.163735389709,39.759490966797,-1,4
1586281018.7681,-13.579706192017,39.76407623291,-1,4
1586281018.8744,-13.995677947998,39.768665313721,-1,4
1586281018.9822,-14.407651901245,39.773204803467,-1,4
1586281019.0907,-14.819626808167,39.777744293213,-1,4
1586281019.2047,-15.239593505859,39.782379150391,-1,4
1586281019.3124,-15.799551010132,39.788558959961,-1.1553678512573,4
1586281019.4202,-16.215530395508,39.793144226074,-1.2298452854156,4
1586281019.5338,-16.627506256104,39.797679901123,-1.4676510095596,4
1586281019.6415,-17.043483734131,39.802265167236,-1.4681754112244,4
1586281019.7492,-17.451457977295,39.806751251221,-1.6243095397949,4
1586281019.862,-18.003419876099,39.812831878662,-1.7806248664856,4
1586281019.9698,-18.415391921997,39.817367553711,-1.9367640018463,4
1586281020.0771,-18.827367782593,39.82190322876,-2.0929164886475,4
1586281020.1909,-19.24334526062,39.826488494873,-2.249062538147,4
1586281020.2995,-19.659322738647,39.831077575684,-2.3235416412354,4
1586281020.4072,-20.071296691895,39.835613250732,-2.4057192802429,4
1586281020.514,-20.491270065308,39.84024810791,-2.5618698596954,4
1586281020.6286,-21.04323387146,39.846328735352,-2.7181844711304,4
1586281020.7361,-21.463205337524,39.850975036621,-2.8743350505829,4
1586281020.8449,-21.875175476074,39.855506896973,-3.0304760932922,4
1586281020.9519,-22.283142089844,39.860004425049,-3.1866116523743,4
1586281021.0597,-22.695114135742,39.864547729492,-3.2610859870911,4
1586281021.1763,-23.243076324463,39.870586395264,-3.4990622997284,4
1586281021.2834,-23.659051895142,39.875171661377,-3.499577999115,4
1586281021.391,-24.067014694214,39.879669189453,-3.5000839233398,4
1586281021.4988,-24.482986450195,39.884258270264,-3.5,4
1586281021.6124,-24.890958786011,39.88875579834,-3.5,4
1586281021.7211,-25.306921005249,39.893341064453,-3.5,4
1586281021.8288,-25.858879089355,39.899421691895,-3.5,4
1586281021.9365,-26.26685333252,39.903907775879,-3.5,4
1586281022.0443,-26.678825378418,39.908447265625,-3.5,4
1586281022.1575,-27.094791412354,39.913036346436,-3.5,4
1586281022.2652,-27.506765365601,39.917572021484,-3.5,4
1586281022.3727,-28.054727554321,39.923603057861,-3.5,4
1586281022.4874,-28.470693588257,39.928184509277,-3.5,4
1586281022.5949,-28.882661819458,39.932716369629,-3.5,4
1586281022.7021,-29.298625946045,39.937301635742,-3.5,4
1586281022.8098,-29.710594177246,39.941837310791,-3.5,4
1586281022.9265,-30.258560180664,39.947875976563,-3.5,4
1586281023.0342,-30.678522109985,39.95251083374,-3.5,4
1586281023.142,-31.086498260498,39.957000732422,-3.5,4
1586281023.2487,-31.498472213745,39.961536407471,-3.5,4
1586281023.3624,-31.914438247681,39.966125488281,-3.5,4
1586281023.4702,-32.330402374268,39.970718383789,-3.5,4
1586281023.5778,-32.738384246826,39.975227355957,-3.5,4
1586281023.6852,-33.286361694336,39.981281280518,-3.5,4
1586281023.7939,-33.566333770752,39.984371185303,-3.5,4
1586281023.9077,-34.126281738281,39.990550994873,-3.5,4
1586281024.0154,-34.538257598877,39.995101928711,-3.5,4
1586281024.1222,-34.946235656738,39.999618530273,-3.5,4
1586281024.237,-35.498199462891,40.005714416504,-3.5,4
1586281024.3457,-35.914169311523,40.010307312012,-3.5,4
1586281024.4534,-36.326145172119,40.01485824585,-3.5,4
1586281024.5612,-36.742115020752,40.019454956055,-3.5,4
1586281024.6698,-37.158081054688,40.024055480957,-3.5,4
1586281024.7845,-37.706047058105,40.030124664307,-3.5,4
1586281024.8923,-38.118022918701,40.034683227539,-3.5,4
1586281025,-38.526008605957,40.039196014404,-3.5,4
1586281025.1077,-38.933994293213,40.043716430664,-3.5,4
1586281025.2234,-39.349964141846,40.048305511475,-3.5,4
1586281025.3311,-39.761940002441,40.052852630615,-3.5,4
1586281025.4385,-40.313899993896,40.058948516846,-3.5,4
1586281025.5462,-40.729866027832,40.063545227051,-3.5,4
1586281025.6537,-41.137851715088,40.068065643311,-3.5,4
1586281025.7683,-41.553821563721,40.07266998291,-3.5,4
1586281025.8756,-41.965797424316,40.077228546143,-3.5,4
1586281025.983,-42.377777099609,40.081787109375,-3.5,4
1586281026.0972,-42.933731079102,40.08793258667,-3.5,4
1586281026.2048,-43.345703125,40.092483520508,-3.5,4
1586281026.3113,-43.757682800293,40.097045898438,-3.5,4
1586281026.4199,-44.177635192871,40.101692199707,-3.5,4
1586281026.5346,-44.589614868164,40.106243133545,-3.5,4
1586281026.6423,-45.001140594482,40.120452880859,-3.5,4
1586281026.75,-45.53577041626,40.253715515137,-3.5,4
1586281026.8577,-45.929374694824,40.375499725342,-3.5,4
1586281026.9664,-46.319156646729,40.496109008789,-3.5,4
1586281027.0801,-46.708934783936,40.616706848145,-3.5,4
1586281027.1878,-47.106349945068,40.739673614502,-3.5,4
1586281027.2966,-47.637512207031,40.904033660889,-3.5,4
1586281027.4043,-48.031543731689,41.036693572998,-3.5,4
1586281027.518,-48.399509429932,41.212924957275,-3.5,4
1586281027.6257,-48.771076202393,41.390888214111,-3.5,4
1586281027.7332,-49.146251678467,41.570579528809,-3.5,4
1586281027.8417,-49.521423339844,41.750274658203,-3.5,4
1586281027.9561,-50.022853851318,41.99044418335,-3.5,4
1586281028.0638,-50.39803314209,42.170135498047,-3.5,4
1586281028.1726,-50.776809692383,42.351558685303,-3.5,4
1586281028.2792,-51.148376464844,42.529518127441,-3.5,4
1586281028.3939,-51.51993560791,42.707481384277,-3.5,4
1586281028.5016,-51.898735046387,42.888904571533,-3.5,4
1586281028.6083,-52.389354705811,43.123874664307,-3.5,4
1586281028.716,-52.760929107666,43.301837921143,-3.5,4
1586281028.8297,-53.134944915771,43.492343902588,-3.5,4
1586281028.9365,-53.489032745361,43.695068359375,-3.5,4
1586281029.0452,-53.846603393555,43.899772644043,-3.5,4
1586281029.1598,-54.211097717285,44.108455657959,-3.5,4
1586281029.2675,-54.686676025391,44.380737304688,-3.5,4
1586281029.3743,-55.04076385498,44.58345413208,-3.5,4
1586281029.482,-55.398323059082,44.788166046143,-3.5,4
1586281029.5984,-55.759349822998,44.99486541748,-3.5,4
1586281029.7061,-56.113441467285,45.197582244873,-3.5,4
1586281029.8138,-56.592506408691,45.471851348877,-3.5,4
1586281029.9216,-56.946598052979,45.67456817627,-3.5,4
1586281030.029,-57.3076171875,45.88126373291,-3.5,4
1586281030.1437,-57.66170501709,46.083984375,-3.5,4
1586281030.2513,-58.019264221191,46.288688659668,-3.5,4
1586281030.3589,-58.380275726318,46.495376586914,-3.5,4
1586281030.4677,-58.859317779541,46.769638061523,-3.5,4
1586281030.5813,-59.216873168945,46.974349975586,-3.5,4
1586281030.6891,-59.574424743652,47.179050445557,-3.5,4
1586281030.7978,-59.928508758545,47.38175201416,-3.5,4
1586281030.9045,-60.286067962646,47.586452484131,-3.5,4
1586281031.0192,-60.765121459961,47.86071395874,-3.5,4
1586281031.126,-61.119213104248,48.063430786133,-3.5,4
1586281031.2336,-61.483699798584,48.272113800049,-3.5,4
1586281031.3422,-61.848190307617,48.480808258057,-3.5,4
1586281031.4566,-62.202281951904,48.683525085449,-3.5,4
1586281031.5642,-62.563301086426,48.890213012695,-3.5,4
1586281031.6721,-63.042346954346,49.164482116699,-3.5,4
1586281031.7788,-63.39990234375,49.36918258667,-3.5,4
1586281031.8934,-63.760929107666,49.575866699219,-3.5,4
1586281032.0012,-64.121940612793,49.782550811768,-3.5,4
1586281032.1086,-64.476020812988,49.985271453857,-3.5,4
1586281032.2163,-64.83358001709,50.18998336792,-3.5,4
1586281032.33,-65.305694580078,50.460269927979,-3.5,4
1586281032.4377,-65.659790039063,50.662994384766,-3.5,4
1586281032.5466,-66.020812988281,50.869689941406,-3.5,4
1586281032.6534,-66.378349304199,51.074390411377,-3.5,4
1586281032.7693,-66.735908508301,51.279098510742,-3.5,4
1586281032.877,-67.214950561523,51.553367614746,-3.5,4
1586281032.9847,-67.572509765625,51.758075714111,-3.5,4
1586281033.0925,-67.926597595215,51.960784912109,-3.5,4
1586281033.2,-68.284141540527,52.165493011475,-3.5,4
1586281033.3148,-68.641693115234,52.370197296143,-3.5,4
1586281033.4231,-69.002708435059,52.576885223389,-3.5,4
1586281033.5307,-69.48176574707,52.851146697998,-3.5,4
1586281033.6379,-69.599792480469,52.918716430664,-3.5,4
1586281033.7522,-70.186447143555,53.254589080811,-3.5,4
1586281033.8599,-70.550933837891,53.463268280029,-3.5,4
1586281033.9686,-70.908493041992,53.667972564697,-3.5,4
1586281034.0763,-71.28687286377,53.884601593018,-3.5,4
1586281034.1905,-71.762451171875,54.156875610352,-3.5,4
1586281034.2992,-72.11653137207,54.35958480835,-3.5,4
1586281034.4069,-72.4775390625,54.566276550293,-3.5,4
1586281034.5147,-72.838562011719,54.772972106934,-3.5,4
1586281034.6224,-73.19612121582,54.977680206299,-3.5,4
1586281034.7371,-73.671699523926,55.249965667725,-3.5,4
1586281034.8458,-74.032737731934,55.456665039063,-3.5,4
1586281034.953,-74.393768310547,55.663356781006,-3.5,4
1586281035.06,-74.754783630371,55.870048522949,-3.5,4
1586281035.1762,-75.11580657959,56.076732635498,-3.5,4
1586281035.284,-75.591377258301,56.349010467529,-3.5,4
1586281035.3908,-75.948928833008,56.5537109375,-3.5,4
1586281035.4988,-76.303009033203,56.756420135498,-3.5,4
1586281035.6065,-76.664031982422,56.963119506836,-3.5,4
1586281035.7222,-77.028526306152,57.171806335449,-3.5,4
1586281035.8298,-77.386077880859,57.376514434814,-3.5,4
1586281035.9365,-77.747100830078,57.583213806152,-3.5,4
1586281036.0452,-78.22615814209,57.857486724854,-3.5,4
1586281036.1594,-78.59065246582,58.066181182861,-3.5,4
1586281036.2671,-78.948211669922,58.270885467529,-3.5,4
1586281036.3748,-79.312705993652,58.47957611084,-3.5,4
1586281036.4826,-79.670257568359,58.684272766113,-3.5,4
1586281036.5913,-80.027816772461,58.888977050781,-3.5,4
1586281036.7049,-80.506858825684,59.163234710693,-3.5,4
1586281036.8129,-80.860916137695,59.365947723389,-3.5,4
1586281036.9214,-81.218482971191,59.570652008057,-3.5,4
1586281037.035,-81.579498291016,59.777347564697,-3.5,4
1586281037.1427,-81.941566467285,59.973487854004,-3.5,4
1586281037.25,-82.337669372559,60.098171234131,-3.5,4
1586281037.3573,-82.887176513672,60.126419067383,-3.5,4
1586281037.466,-83.29850769043,60.102485656738,-3.5,4
1586281037.5793,-83.570083618164,60.086681365967,-3.5390315055847,4
1586281037.6862,-84.119071960449,60.059242248535,-3.4432129859924,4
1586281037.7949,-84.524360656738,60.04012298584,-3.3704690933228,4
1586281037.9085,-85.0673828125,60.014511108398,-3.2745878696442,4
1586281038.0163,-85.472679138184,59.9953956604,-3.2030079364777,4
1586281038.1239,-85.881912231445,59.976085662842,-3.1307320594788,4
1586281038.2316,-86.282379150391,59.895961761475,-3.0556569099426,4
1586281038.3483,-86.672569274902,59.787239074707,-2.9802398681641,4
1586281038.456,-87.066535949707,59.6774559021,-2.904141664505,4
1586281038.5632,-87.589309692383,59.531764984131,-2.8031284809113,4
1586281038.6719,-87.983261108398,59.421974182129,-2.7269835472107,4
1586281038.7784,-88.359954833984,59.286437988281,-2.6520094871521,4
1586281038.893,-88.729873657227,59.121639251709,-2.5761296749115,4
1586281038.9997,-89.096221923828,58.958465576172,-2.5009348392487,4
1586281039.107,-89.46614074707,58.793663024902,-2.4250297546387,4
1586281039.2157,-89.836044311523,58.628868103027,-2.3491525650024,4
1586281039.3304,-90.331665039063,58.408058166504,-2.2474293708801,4
1586281039.4382,-90.708740234375,58.240039825439,-2.170078754425,4
1586281039.5469,-91.075088500977,58.076854705811,-2.0948824882507,4
1586281039.6534,-91.441436767578,57.913673400879,-2.0197122097015,4
1586281039.768,-91.819305419922,57.745567321777,-2,4
1586281039.8757,-92.327339172363,57.519737243652,-2,4
1586281039.9835,-92.700141906738,57.354042053223,-2,4
1586281040.0922,-93.076606750488,57.186721801758,-2,4
1586281040.2069,-93.453063964844,57.019393920898,-2,4
1586281040.3146,-93.844139099121,56.845516204834,-2,4
1586281040.4233,-94.224250793457,56.676540374756,-2,4
1586281040.531,-94.724967956543,56.453971862793,-2,4
1586281040.6388,-95.097770690918,56.288303375244,-2,4
1586281040.7524,-95.477882385254,56.119327545166,-2,4
1586281040.8601,-95.861701965332,55.959583282471,-2,4
1586281040.9687,-96.258346557617,55.848194122314,-2,4
1586281041.0763,-96.789749145508,55.698944091797,-2,4
1586281041.191,-97.19026184082,55.586475372314,-2,4
1586281041.2997,-97.590759277344,55.474010467529,-2,4
1586281041.4074,-97.991256713867,55.361541748047,-2,4
1586281041.5152,-98.387916564941,55.250141143799,-2,4
1586281041.6229,-98.788436889648,55.137660980225,-2,4
1586281041.7376,-99.196640014648,55.023025512695,-2,4
1586281041.8454,-99.728080749512,54.873783111572,-2,4
1586281041.9531,-100.12857818604,54.761318206787,-2,4
1586281042.0595,-100.52907562256,54.648845672607,-2,4
1586281042.1761,-100.92957305908,54.53638458252,-2,4
1586281042.2835,-101.32621002197,54.424991607666,-2,4
1586281042.3902,-101.72284698486,54.313594818115,-2,4
1586281042.5035,-102.25813293457,54.163288116455,-2,4
1586281042.6113,-102.66250610352,54.049755096436,-2,4
1586281042.7196,-103.06686401367,53.936206817627,-2,4
1586281042.8263,-103.46350097656,53.824802398682,-2,4
1586281042.9399,-103.86400604248,53.712333679199,-2,4
1586281043.0486,-104.2645111084,53.599857330322,-2,4
1586281043.1563,-104.65728759766,53.4895362854,-2,4
1586281043.264,-105.18487548828,53.341365814209,-2,4
1586281043.3719,-105.57766723633,53.231048583984,-2,4
1586281043.4854,-105.97431945801,53.11967086792,-2,4
1586281043.5942,-106.3709564209,53.008289337158,-2,4
1586281043.7019,-106.76373291016,52.89799118042,-2,4
1586281043.8153,-107.29130554199,52.749835968018,-2,4
1586281043.9239,-107.68794250488,52.638446807861,-2,4
1586281044.0316,-108.09615325928,52.523803710938,-2,4
1586281044.1389,-108.49664306641,52.411338806152,-2,4
1586281044.2523,-108.90483093262,52.296695709229,-2,4
1586281044.3595,-109.29761505127,52.186382293701,-2,4
1586281044.4682,-109.82904052734,52.037155151367,-2,4
1586281044.575,-110.22954559326,51.92467880249,-2,4
1586281044.6887,-110.63775634766,51.810031890869,-2,4
1586281044.7971,-111.03824615479,51.697566986084,-2,4
1586281044.9049,-111.43487548828,51.586177825928,-2,4
1586281045.0126,-111.83152008057,51.474784851074,-2,4
1586281045.1264,-112.36294555664,51.325550079346,-2,4
1586281045.234,-112.7673034668,51.211994171143,-2,4
1586281045.3427,-113.16007232666,51.101684570313,-2,4
1586281045.4504,-113.55671691895,50.990287780762,-2,4
1586281045.5646,-113.95333862305,50.878890991211,-2,4
1586281045.6733,-114.48863220215,50.728572845459,-2,4
1586281045.781,-114.88912963867,50.616100311279,-2,4
1586281045.8887,-115.28190612793,50.505794525146,-2,4
1586281046.0032,-115.54762268066,50.431171417236,-2,4
1586281046.1109,-115.26905059814,50.701145172119,-2,4
1586281046.2186,-115.15445709229,51.068874359131,-2,4
1586281046.3254,-115.23728179932,51.480587005615,-2,4
1586281046.4391,-115.31478118896,52.031036376953,-2,4
1586281046.5477,-115.34312438965,52.437984466553,-2,4
1586281046.6541,-115.34535217285,52.85391998291,-2,4
1586281046.7687,-115.51819610596,53.195365905762,-2,4
1586281046.8764,-115.76953125,53.51672744751,-2,4
1586281046.9831,-115.76953125,53.51672744751,-2,4
