238,nil,nil
1586229908.0883,97.789306640625,206.55686950684,-2.5,4
1586229908.189,97.789306640625,206.55686950684,-2.5,4
1586229908.2977,97.789306640625,206.55686950684,-2.5,4
1586229908.4051,98.069244384766,206.56221008301,-2.5,4
1586229908.5128,98.425170898438,206.5689239502,-2.5,4
1586229908.6263,98.91707611084,206.57818603516,-2.5,4
1586229908.7331,99.34098815918,206.58615112305,-2.5,4
1586229908.8418,99.772880554199,206.59420776367,-2.5,4
1586229908.9565,100.27278900146,206.60359191895,-2.5,4
1586229909.063,100.68872833252,206.6114654541,-2.5,4
1586229909.1707,101.10466003418,206.61933898926,-2.5,4
1586229909.284,101.55257415771,206.62783813477,-2.5,4
1586229909.3918,101.96851348877,206.63571166992,-2.5,4
1586229909.4994,102.38442993164,206.64360046387,-2.5,4
1586229909.6071,102.87631988525,206.65287780762,-2.5,4
1586229909.7236,103.29623413086,206.66081237793,-2.5,4
1586229909.8316,103.71616363525,206.66873168945,-2.5,4
1586229909.9393,104.20010375977,206.67793273926,-2.5,4
1586229910.0476,104.616065979,206.68580627441,-2.5,4
1586229910.1547,105.04397583008,206.69381713867,-2.5,4
1586229910.269,105.46392059326,206.70175170898,-2.5,4
1586229910.3767,105.89181518555,206.70977783203,-2.5,4
1586229910.4844,106.38771057129,206.71910095215,-2.5,4
1586229910.5931,106.81164550781,206.72706604004,-2.5,4
1586229910.7008,107.22760009766,206.73490905762,-2.5,4
1586229910.8151,107.63951873779,206.74273681641,-2.5,4
1586229910.9221,108.13543701172,206.75210571289,-2.5,4
1586229911.0293,108.54737854004,206.75994873047,-2.5,4
1586229911.144,108.97129821777,206.76791381836,-2.5,4
1586229911.2517,109.38724517822,206.7758026123,-2.5,4
1586229911.3591,109.87915802002,206.78514099121,-2.5,4
1586229911.4675,110.29113006592,206.79298400879,-2.5,4
1586229911.5752,110.71505737305,206.80101013184,-2.5,4
1586229911.689,111.19899749756,206.81019592285,-2.5,4
1586229911.7976,111.55491638184,206.8169708252,-2.5,4
1586229911.9042,112.04283905029,206.82627868652,-2.5,4
1586229912.0186,112.45877838135,206.83418273926,-2.5,4
1586229912.1263,112.87873077393,206.84214782715,-2.5,4
1586229912.234,113.37463378906,206.85145568848,-2.5,4
1586229912.3418,113.78659820557,206.85931396484,-2.5,4
1586229912.4554,114.21450042725,206.86740112305,-2.5,4
1586229912.5626,114.63840484619,206.87542724609,-2.5,4
1586229912.6711,115.12232208252,206.8846282959,-2.5,4
1586229912.7849,115.53427886963,206.89245605469,-2.5,4
1586229912.8926,115.95818328857,206.90045166016,-2.5,4
1586229913.0005,116.37815093994,206.90841674805,-2.5,4
1586229913.1082,116.87007141113,206.91773986816,-2.5,4
1586229913.2169,117.28204345703,206.92559814453,-2.5,4
1586229913.3316,117.71393585205,206.93374633789,-2.5,4
1586229913.4391,118.13787078857,206.94178771973,-2.5,4
1586229913.5479,118.625831604,206.95104980469,-2.5,4
1586229913.6552,119.045753479,206.95901489258,-2.5,4
1586229913.7629,119.46167755127,206.96691894531,-2.5,4
1586229913.8771,119.88162231445,206.97486877441,-2.5,4
1586229913.9848,120.37354278564,206.98419189453,-2.5,4
1586229914.0935,120.79347229004,206.9921875,-2.5,4
1586229914.2009,121.20945739746,207.00012207031,-2.5,4
1586229914.3156,121.69741821289,207.00939941406,-2.5,4
1586229914.4243,122.11337280273,207.0173034668,-2.5,4
1586229914.532,122.5412902832,207.02531433105,-2.5,4
1586229914.6389,122.9691696167,207.03337097168,-2.5,4
1586229914.7526,123.38909912109,207.04133605957,-2.5,4
1586229914.8593,123.87702941895,207.05061340332,-2.5,4
1586229914.9671,124.22497558594,207.05723571777,-2.5,4
1586229915.0817,124.73289489746,207.06683349609,-2.5,4
1586229915.1894,125.15682220459,207.07482910156,-2.5,4
1586229915.2971,125.50873565674,207.08154296875,-2.5,4
1586229915.4045,126.03663635254,207.09153747559,-2.5,4
1586229915.5181,126.45259094238,207.09938049316,-2.5,4
1586229915.6258,126.87256622314,207.10734558105,-2.5,4
1586229915.7325,127.36847686768,207.11672973633,-2.5,4
1586229915.8412,127.79239654541,207.12475585938,-2.5,4
1586229915.9554,128.21237182617,207.13285827637,-2.5,4
1586229916.0621,128.63232421875,207.14105224609,-2.5,4
1586229916.1708,129.11625671387,207.15057373047,-2.5,4
1586229916.2785,129.53617858887,207.15882873535,-2.5,4
1586229916.3932,129.96017456055,207.16717529297,-2.5,4
1586229916.5,130.44013977051,207.17665100098,-2.5,4
1586229916.6073,130.86402893066,207.18495178223,-2.5,4
1586229916.716,131.30395507813,207.19351196289,-2.5,4
1586229916.8308,131.71954345703,207.18659973145,-2.5,4
1586229916.938,132.13829040527,207.12059020996,-2.5,4
1586229917.0463,132.55265808105,207.05256652832,-2.5,4
1586229917.16,133.01049804688,206.97737121582,-2.5,4
1586229917.2677,133.42489624023,206.9093170166,-2.5,4
1586229917.3754,133.90245056152,206.83085632324,-2.5,4
1586229917.4821,134.30897521973,206.76406860352,-2.5,4
1586229917.5908,134.73915100098,206.69337463379,-2.5,4
1586229917.7042,135.15354919434,206.62528991699,-2.5,4
1586229917.8119,135.57194519043,206.55653381348,-2.5,4
1586229917.9206,136.05741882324,206.4768371582,-2.5,4
1586229918.0283,136.47183227539,206.40878295898,-2.5,4
1586229918.143,136.8857421875,206.33805847168,-2.5,4
1586229918.2502,137.29251098633,206.20626831055,-2.5,4
1586229918.358,137.75073242188,206.03829956055,-2.5,4
1586229918.4662,138.14134216309,205.8950958252,-2.5,4
1586229918.5809,138.53945922852,205.7491607666,-2.5,4
1586229918.6883,138.94132995605,205.6018371582,-2.5,4
1586229918.7956,139.33193969727,205.45863342285,-2.5,4
1586229918.9099,139.80145263672,205.28656005859,-2.5,4
1586229919.0175,140.17674255371,205.10891723633,-2.5,4
1586229919.1252,140.53735351563,204.87835693359,-2.5,4
1586229919.233,140.89122009277,204.65208435059,-2.5,4
1586229919.3416,141.27543640137,204.40643310547,-2.5,4
1586229919.4563,141.68321228027,204.14566040039,-2.5,4
1586229919.564,142.04049682617,203.91728210449,-2.5,4
1586229919.6728,142.39437866211,203.69105529785,-2.5,4
1586229919.7795,142.75163269043,203.46264648438,-2.5,4
1586229919.8933,143.15605163574,203.2041015625,-2.5,4
1586229920.0009,143.51330566406,202.97569274902,-2.5,4
1586229920.1087,143.82926940918,202.71244812012,-2.5,4
1586229920.2175,144.1236114502,202.41842651367,-2.5,4
1586229920.3315,144.47459411621,202.06790161133,-2.5,4
1586229920.4383,144.77461242676,201.76824951172,-2.5,4
1586229920.5457,145.06144714355,201.47804260254,-2.5,4
1586229920.6593,145.33840942383,201.0778503418,-2.5,4
1586229920.7666,145.54057312012,200.70510864258,-2.5,4
1586229920.8744,145.71458435059,200.33229064941,-2.5,4
1586229920.9881,145.83393859863,199.92541503906,-2.5,4
1586229921.0968,145.96830749512,199.45614624023,-2.5,4
1586229921.2036,146.08396911621,199.05230712891,-2.5,4
1586229921.3103,146.19746398926,198.65609741211,-2.5,4
1586229921.419,146.31312561035,198.25225830078,-2.5,4
1586229921.5336,146.42590332031,197.78848266602,-2.4775137901306,4
1586229921.6413,146.49949645996,197.3882598877,-2.3729724884033,4
1586229921.7481,146.57443237305,196.98031616211,-2.2667417526245,4
1586229921.8627,146.64797973633,196.580078125,-2.1624460220337,4
1586229921.9715,146.7341003418,196.11129760742,-2.0404317378998,4
1586229922.0792,146.80131530762,195.74542236328,-1.9290528297424,4
1586229922.1869,146.8744354248,195.2742767334,-1.8224632740021,4
1586229922.2956,146.94871520996,194.93881225586,-1.735034942627,4
1586229922.4035,147.00326538086,194.47396850586,-1.6139965057373,4
1586229922.5182,147.03082275391,194.06848144531,-1.5084643363953,4
1586229922.626,147.06329345703,193.58964538574,-1.3837029933929,4
1586229922.7337,147.0908203125,193.18421936035,-1.2781268358231,4
1586229922.8424,147.11860656738,192.77487182617,-1.1715898513794,4
1586229922.9501,147.14665222168,192.36166381836,-1.0639826059341,4
1586229923.0635,147.17527770996,191.94078063965,-0.95437335968018,4
1586229923.1718,147.20463562012,191.50163269043,-0.84673357009888,4
1586229923.2785,147.23219299316,191.08969116211,-0.75016748905182,4
1586229923.3922,147.25975036621,190.67776489258,-0.6536670923233,4
1586229923.4999,147.28703308105,190.26969909668,-0.55802655220032,4
1586229923.6075,147.30604553223,189.79118347168,-0.44583112001419,4
1586229923.716,147.31828308105,189.37475585938,-0.34823089838028,4
1586229923.8298,147.33012390137,188.97380065918,-0.25425708293915,4
1586229923.937,147.34214782715,188.56512451172,-0.15847104787827,4
1586229924.0455,147.35627746582,188.08638000488,-0.046312272548676,4
1586229924.1532,147.36801147461,187.67428588867,0,4
1586229924.2679,147.38146972656,187.19470214844,0,4
1586229924.3756,147.3931427002,186.77900695801,0,4
1586229924.4837,147.40469360352,186.36737060547,0,4
1586229924.5925,147.41645812988,185.94764709473,0,4
1586229924.7002,147.43002319336,185.4640045166,0,4
1586229924.8149,147.44264221191,185.01235961914,0,4
1586229924.9236,147.45440673828,184.59266662598,0,4
1586229925.0313,147.46627807617,184.1689453125,0,4
1586229925.1385,147.47601318359,183.82122802734,0,4
1586229925.2532,147.49012756348,183.31761169434,0,4
1586229925.361,147.50199890137,182.8939666748,0,4
1586229925.4696,147.51553344727,182.41435241699,0,4
1586229925.5766,147.52705383301,182.00270080566,0,4
1586229925.6843,147.53900146484,181.57501220703,0,4
1586229925.801,147.55271911621,181.08741760254,0,4
1586229925.9087,147.56436157227,180.6717376709,0,4
1586229926.0155,147.57601928711,180.25608825684,0,4
1586229926.1225,147.58779907227,179.83641052246,0,4
1586229926.2362,147.6015625,179.3448638916,0,4
1586229926.3449,147.61320495605,178.92921447754,0,4
1586229926.4526,147.62477111816,178.51759338379,0,4
1586229926.5603,147.63664245605,178.09391784668,0,4
1586229926.6691,147.65026855469,177.60626220703,0,4
1586229926.7823,147.66180419922,177.19462585449,0,4
1586229926.8894,147.67359924316,176.77493286133,0,4
1586229926.9971,147.67674255371,176.33921813965,0,4
1586229927.1118,147.65043640137,175.85191345215,0,4
1586229927.2192,147.62776184082,175.4324798584,0,4
1586229927.3269,147.60536193848,175.01708984375,0,4
1586229927.4346,147.58270263672,174.59764099121,0,4
1586229927.551,147.55613708496,174.10632324219,0,4
1586229927.6582,147.53369140625,173.69097900391,0,4
1586229927.766,147.5110168457,173.27156066895,0,4
1586229927.8733,147.48785400391,172.84403991699,0,4
1586229927.987,147.46130371094,172.35269165039,0,4
1586229928.0948,147.43865966797,171.93325805664,0,4
1586229928.2015,147.41645812988,171.52200317383,0,4
1586229928.3151,147.42247009277,171.03004455566,0,4
1586229928.4238,147.42965698242,170.61012268066,0,4
1586229928.5306,147.43675231934,170.19822692871,0,4
1586229928.6383,147.44398498535,169.7742767334,0,4
1586229928.752,147.45227050781,169.29440307617,0,4
1586229928.8597,147.45957946777,168.87045288086,0,4
1586229928.9685,147.46699523926,168.43844604492,0,4
1586229929.0761,147.47422790527,168.01850891113,0,4
1586229929.1908,147.48262023926,167.53059387207,0,4
1586229929.2997,147.48983764648,167.11065673828,0,4
1586229929.4059,147.49699401855,166.69473266602,0,4
1586229929.5127,147.50430297852,166.2667388916,0,4
1586229929.6272,147.51271057129,165.77882385254,0,4
1586229929.735,147.51991271973,165.35890197754,0,4
1586229929.8437,147.52700805664,164.94692993164,0,4
1586229929.9514,147.53421020508,164.52697753906,0,4
1586229930.0661,147.54266357422,164.03503417969,0,4
1586229930.1748,147.54989624023,163.6150970459,0,4
1586229930.2823,147.55725097656,163.1870880127,0,4
1586229930.3899,147.56440734863,162.77117919922,0,4
1586229930.4976,147.57164001465,162.35124206543,0,4
1586229930.6124,147.58023071289,161.85124206543,0,4
1586229930.7212,147.58744812012,161.43128967285,0,4
1586229930.8279,147.59455871582,161.01536560059,0,4
1586229930.9347,147.6018371582,160.59143066406,0,4
1586229931.051,147.61019897461,160.10356140137,0,4
1586229931.1587,147.61749267578,159.67965698242,0,4
1586229931.2662,147.6245880127,159.26776123047,0,4
1586229931.374,147.63182067871,158.84384155273,0,4
1586229931.4817,147.63900756836,158.42390441895,0,4
1586229931.5972,147.64747619629,157.93194580078,0,4
1586229931.7052,147.65472412109,157.50799560547,0,4
1586229931.8129,147.66188049316,157.09204101563,0,4
1586229931.9216,147.67030334473,156.60003662109,0,4
1586229932.0284,147.67742919922,156.1880645752,0,4
1586229932.1425,147.68453979492,155.77612304688,0,4
1586229932.2502,147.69174194336,155.35218811035,0,4
1586229932.3579,147.70007324219,154.86424255371,0,4
1586229932.4667,147.70738220215,154.43632507324,0,4
1586229932.5814,147.71453857422,154.02041625977,0,4
1586229932.6892,147.7229309082,153.53251647949,0,4
1586229932.7974,147.73030090332,153.1046295166,0,4
1586229932.9051,147.73735046387,152.69676208496,0,4
1586229933.0128,147.74450683594,152.28085327148,0,4
1586229933.1272,147.7529296875,151.78889465332,0,4
1586229933.2349,147.75904846191,151.43290710449,0,4
1586229933.3426,147.76779174805,150.92498779297,0,4
1586229933.4565,147.77505493164,150.50102233887,0,4
1586229933.5642,147.78219604492,150.08915710449,0,4
1586229933.673,147.79054260254,149.60122680664,0,4
1586229933.7806,147.79772949219,149.18128967285,0,4
1586229933.8884,147.80502319336,148.75735473633,0,4
1586229934.003,147.81343078613,148.2693939209,0,4
1586229934.1109,147.82084655762,147.85182189941,-0.091147661209106,4
1586229934.2196,147.82836914063,147.45108032227,-0.21637809276581,4
1586229934.3272,147.83618164063,147.03887939453,-0.34519159793854,4
1586229934.4349,147.84373474121,146.63816833496,-0.47041320800781,4
1586229934.5516,147.85263061523,146.16877746582,-0.61709821224213,4
1586229934.6593,147.86010742188,145.77188110352,-0.74112808704376,4
1586229934.7661,147.86770629883,145.37112426758,-0.8663649559021,4
1586229934.8735,147.87518310547,144.97422790527,-0.99039483070374,4
1586229934.9882,147.88398742676,144.50860595703,-1.1359015703201,4
1586229935.0969,147.89131164551,144.11553955078,-1.2587352991104,4
1586229935.2046,147.89860534668,143.72247314453,-1.3815681934357,4
1586229935.3123,147.90713500977,143.26449584961,-1.5246858596802,4
1586229935.4201,147.91484069824,142.85989379883,-1.6511244773865,4
1586229935.5347,147.92216491699,142.46678161621,-1.7739715576172,4
1586229935.6421,147.93095397949,142.00117492676,-1.9194741249084,4
1586229935.7498,147.93862915039,141.59657287598,-2.045912027359,4
1586229935.8575,147.94624328613,141.19201660156,-2.1723356246948,4
1586229935.9732,147.95365905762,140.79890441895,-2.2951829433441,4
1586229936.0809,147.96139526367,140.39433288574,-2.4216115474701,4
1586229936.1882,147.97009277344,139.9222869873,-2.559832572937,4
1586229936.2969,147.96229553223,139.50671386719,-2.5,4
1586229936.4033,147.87127685547,139.09750366211,-2.5,4
1586229936.5177,147.70164489746,138.70030212402,-2.5,4
1586229936.6255,147.5015411377,138.25527954102,-2.5,4
1586229936.7328,147.32769775391,137.86854553223,-2.5,4
1586229936.8417,147.15385437012,137.48182678223,-2.5,4
1586229936.9564,146.98330688477,137.10249328613,-2.5,4
1586229937.0641,146.80780029297,136.71203613281,-2.5,4
1586229937.1718,146.60771179199,136.26698303223,-2.5,4
1586229937.2786,146.39266967773,135.91641235352,-2.5,4
1586229937.3932,146.12731933594,135.58554077148,-2.5,4
1586229937.5009,145.86196899414,135.25468444824,-2.5,4
1586229937.6087,145.55404663086,134.87077331543,-2.5,4
1586229937.7165,145.28866577148,134.5399017334,-2.5,4
1586229937.8302,145.0132598877,134.21775817871,-2.5,4
1586229937.9378,144.72389221191,133.90789794922,-2.5,4
1586229938.0466,144.43452453613,133.59805297852,-2.5,4
1586229938.1544,144.10420227051,133.24438476563,-2.5,4
1586229938.2681,143.82299804688,132.94334411621,-2.5,4
1586229938.3752,143.53633117676,132.63638305664,-2.5,4
1586229938.4826,143.20324707031,132.27973937988,-2.5,4
1586229938.5912,142.91931152344,131.97567749023,-2.5,4
1586229938.7049,142.59436035156,131.62783813477,-2.5,4
1586229938.8123,142.30767822266,131.3208770752,-2.5,4
1586229938.92,142.02374267578,131.0168762207,-2.5,4
1586229939.0346,141.73707580566,130.70997619629,-2.5,4
1586229939.1423,141.40397644043,130.35336303711,-2.5,4
1586229939.2491,141.11734008789,130.04644775391,-2.5,4
1586229939.3628,140.83337402344,129.74243164063,-2.5,4
1586229939.4714,140.54670715332,129.43551635742,-2.5,4
1586229939.5782,140.21365356445,129.07891845703,-2.5,4
1586229939.6858,139.92970275879,128.77491760254,-2.5,4
1586229939.8015,139.64302062988,128.46803283691,-2.5,4
1586229939.9092,139.3099822998,128.11143493652,-2.5,4
1586229940.016,139.02876281738,127.81038665771,-2.5,4
1586229940.1228,138.74211120605,127.50347900391,-2.5,4
1586229940.2362,138.45545959473,127.19655609131,-2.5,4
1586229940.345,138.16334533691,126.88375091553,-2.5,4
1586229940.4527,137.82487487793,126.52130126953,-2.5,4
1586229940.5604,137.54092407227,126.21732330322,-2.5,4
1586229940.6694,137.25155639648,125.90747070313,-2.5,4
1586229940.783,136.91847229004,125.55086517334,-2.5,4
1586229940.8902,136.63453674316,125.24684906006,-2.5,4
1586229940.9971,136.34788513184,124.93989562988,-2.5,4
1586229941.1107,136.06938171387,124.64176177979,-2.5,4
1586229941.2195,135.73902893066,124.28810119629,-2.5,4
1586229941.3261,135.45237731934,123.98118591309,-2.5,4
1586229941.4402,135.1711730957,123.6801071167,-2.5,4
1586229941.5489,134.83538818359,123.32061004639,-2.5,4
1586229941.6566,134.55142211914,123.01663208008,-2.5,4
1586229941.7634,134.26477050781,122.70973968506,-2.5,4
1586229941.8782,133.93441772461,122.35606384277,-2.5,4
1586229941.9859,133.64776611328,122.04917144775,-2.5,4
1586229942.0944,133.36381530762,121.74520111084,-2.5,4
1586229942.2012,133.07716369629,121.43827819824,-2.5,4
1586229942.3158,132.74951171875,121.08750915527,-2.5,4
1586229942.4245,132.46011352539,120.77766418457,-2.5,4
1586229942.5322,132.16799926758,120.46492004395,-2.5,4
1586229942.6399,131.88404846191,120.16097259521,-2.5,4
1586229942.7536,131.54006958008,119.79260253906,-2.5,4
1586229942.8606,131.25067138672,119.48278808594,-2.5,4
1586229942.9693,130.96672058105,119.17881011963,-2.5,4
1586229943.077,130.68278503418,118.87484741211,-2.5,4
1586229943.1846,130.39340209961,118.56499481201,-2.5,4
1586229943.3014,130.05215454102,118.19962310791,-2.5,4
1586229943.4081,129.76820373535,117.89561462402,-2.5,4
1586229943.5158,129.48696899414,117.594581604,-2.5,4
1586229943.6231,129.20031738281,117.28765869141,-2.5,4
1586229943.7377,128.87268066406,116.93690490723,-2.5,4
1586229943.8459,128.59146118164,116.63584899902,-2.5,4
1586229943.9536,128.30479431152,116.32891845703,-2.5,4
1586229944.06,128.0181427002,116.02197265625,-2.5,4
1586229944.1767,127.68230438232,115.66242980957,-2.5,4
1586229944.2835,127.39836120605,115.35843658447,-2.5,4
1586229944.3911,127.11170959473,115.05152130127,-2.5,4
1586229944.4988,126.82231903076,114.74168395996,-2.5,4
1586229944.6065,126.51098632813,114.37219238281,-2.5,4
1586229944.7232,126.29328155518,113.94103240967,-2.5,4
1586229944.8309,126.13706207275,113.55979156494,-2.5,4
1586229944.9366,125.97626495361,113.16752624512,-2.5,4
1586229945.0453,125.81549072266,112.7752532959,-2.5,4
1586229945.159,125.66177368164,112.3803024292,-2.5,4
1586229945.2667,125.55830383301,111.97328186035,-2.5,4
1586229945.3745,125.43926239014,111.4917755127,-2.5,4
1586229945.4818,125.33843994141,111.08404541016,-2.5,4
1586229945.598,125.23669433594,110.6724395752,-2.5,4
1586229945.7056,125.12049865723,110.20257568359,-2.5,4
1586229945.8133,125.01875305176,109.79095458984,-2.5,4
1586229945.9211,124.91700744629,109.37936401367,-2.5,4
1586229946.0338,124.81523132324,108.96773529053,-2.5,4
1586229946.1415,124.7144317627,108.56000518799,-2.5,4
1586229946.2491,124.59825134277,108.09017944336,-2.5,4
1586229946.3629,124.49840545654,107.68637084961,-2.5,4
1586229946.4707,124.39666748047,107.27475738525,-2.5,4
1586229946.5783,124.29586029053,106.86703491211,-2.5,4
1586229946.686,124.19315338135,106.45148468018,-2.5,4
1586229946.794,124.0923614502,106.04381561279,-2.5,4
1586229946.9073,123.9771194458,105.57789611816,-2.5,4
1586229947.0151,123.87442779541,105.16240692139,-2.5,4
1586229947.1227,123.77363586426,104.75469970703,-2.5,4
1586229947.2374,123.65743255615,104.28489685059,-2.5,4
1586229947.3459,123.55661010742,103.87718963623,-2.5,4
1586229947.4536,123.45580291748,103.46949005127,-2.5,4
1586229947.561,123.3405456543,103.00358581543,-2.5040254592896,4
1586229947.6764,123.23838043213,102.5934753418,-2.4674251079559,4
1586229947.7832,123.13714599609,102.18746948242,-2.431188583374,4
1586229947.8908,123.03491210938,101.77756500244,-2.3946039676666,4
1586229947.9985,122.93168640137,101.3638458252,-2.3576762676239,4
1586229948.1062,122.81600952148,100.89364624023,-2.3157107830048,4
1586229948.2229,122.72167205811,100.49622344971,-2.2361960411072,4
1586229948.3306,122.62551116943,100.09118652344,-2.1555528640747,4
1586229948.4383,122.51488494873,99.625015258789,-2.0627086162567,4
1586229948.5461,122.41621398926,99.218299865723,-2.0346314907074,4
1586229948.6597,122.3168258667,98.810432434082,-2.0212271213531,4
1586229948.7674,122.19353485107,98.40990447998,-2.005086183548,4
1586229948.8751,121.97998046875,97.967468261719,-1.978235244751,4
1586229948.982,121.79719543457,97.594314575195,-1.9564611911774,4
1586229949.0973,121.60739898682,97.210823059082,-1.9531893730164,4
1586229949.204,121.42110443115,96.834487915039,-1.9499869346619,4
1586229949.311,121.23480224609,96.458160400391,-1.9467837810516,4
1586229949.4191,121.01972198486,96.029144287109,-1.9429459571838,4
1586229949.534,120.78560638428,95.675964355469,-1.9358215332031,4
1586229949.641,120.54965209961,95.333595275879,-1.9387888908386,4
1586229949.748,120.27582550049,94.935646057129,-1.9003100395203,4
1586229949.8611,120.04090118408,94.593849182129,-1.8672776222229,4
1586229949.9684,119.80373382568,94.248809814453,-1.8339335918427,4
1586229950.076,119.56432342529,93.900482177734,-1.8002684116364,4
1586229950.1898,119.29259490967,93.505722045898,-1.8086431026459,4
1586229950.2984,119.05686187744,93.16349029541,-1.8281831741333,4
1586229950.4061,118.78484344482,92.768562316895,-1.8507313728333,4
1586229950.5138,118.58763122559,92.482261657715,-1.8670783042908,4
1586229950.6274,118.31336212158,92.084060668945,-1.8898134231567,4
1586229950.7342,118.07990264893,91.745079040527,-1.9091658592224,4
1586229950.8419,117.80792236328,91.350166320801,-1.9317264556885,4
1586229950.9556,117.56855010986,91.00520324707,-1.9220170974731,4
1586229951.0633,117.32917785645,90.660217285156,-1.9126930236816,4
1586229951.172,117.05332183838,90.262641906738,-1.9019455909729,4
1586229951.2797,116.81169891357,89.914413452148,-1.8925337791443,4
1586229951.3942,116.57233428955,89.569473266602,-1.8832106590271,4
1586229951.5009,116.33298492432,89.224502563477,-1.8738861083984,4
1586229951.6086,116.05253601074,88.82054901123,-1.8629758358002,4
1586229951.7164,115.81302642822,88.476013183594,-1.8445208072662,4
1586229951.83,115.57368469238,88.131271362305,-1.8315260410309,4
1586229951.9377,115.33285522461,87.782363891602,-1.8439030647278,4
1586229952.0465,115.05577087402,87.380867004395,-1.8581476211548,4
1586229952.1532,114.81498718262,87.031967163086,-1.8845772743225,4
1586229952.2669,114.57527160645,86.694320678711,-1.9236979484558,4
1586229952.3745,114.33790588379,86.359992980957,-1.9623079299927,4
1586229952.4823,114.09120178223,86.012519836426,-2.0024359226227,4
1586229952.591,113.80763244629,85.613143920898,-2.0485570430756,4
1586229952.7057,113.59421539307,85.250259399414,-2.0929446220398,4
1586229952.8134,113.40535736084,84.878051757813,-2.1401569843292,4
1586229952.9222,113.18769836426,84.449165344238,-2.214940071106,4
1586229953.0288,113.00008392334,84.075393676758,-2.2168211936951,4
1586229953.1426,112.81674194336,83.702041625977,-2.2181742191315,4
1586229953.2492,112.62989044189,83.32154083252,-2.2198793888092,4
1586229953.3569,112.41655731201,82.887184143066,-2.2218217849731,4
1586229953.4658,112.23146820068,82.510276794434,-2.2235105037689,4
1586229953.5798,112.04460906982,82.129791259766,-2.225213766098,4
1586229953.6875,111.85771942139,81.749359130859,-2.2275319099426,4
1586229953.7962,111.64248657227,81.311470031738,-2.2302565574646,4
1586229953.9099,111.46083068848,80.941795349121,-2.2325627803802,4
1586229954.0167,111.27379608154,80.561317443848,-2.2405979633331,4
1586229954.1243,111.08587646484,80.176895141602,-2.2281255722046,4
1586229954.232,110.87615203857,79.745338439941,-2.2139010429382,4
1586229954.3407,110.69335174561,79.36302947998,-2.2017822265625,4
1586229954.4555,110.55039215088,78.968208312988,-2.1951305866241,4
1586229954.5631,110.38986968994,78.515922546387,-2.1879389286041,4
1586229954.6709,110.24942779541,78.120193481445,-2.1821172237396,4
1586229954.7781,110.10632324219,77.716926574707,-2.1752393245697,4
1586229954.8929,109.9659576416,77.321144104004,-2.1673314571381,4
1586229955.0006,109.82695007324,76.929145812988,-2.1600782871246,4
1586229955.1083,109.68383789063,76.525856018066,-2.152606010437,4
1586229955.2226,109.5207901001,76.070137023926,-2.1576526165009,4
1586229955.3298,109.38292694092,75.686080932617,-2.1635420322418,4
1586229955.4371,109.21800994873,75.22681427002,-2.1705780029297,4
1586229955.5455,109.07472229004,74.827774047852,-2.1766917705536,4
1586229955.6532,108.95712280273,74.500244140625,-2.1817111968994,4
1586229955.7679,108.7908782959,74.03719329834,-2.19407081604,4
1586229955.8756,108.62242126465,73.575408935547,-2.214784860611,4
1586229955.9822,108.47998046875,73.184967041016,-2.2322509288788,4
1586229956.0906,108.33889770508,72.798309326172,-2.2495186328888,4
1586229956.2053,108.17878723145,72.338333129883,-2.2126669883728,4
1586229956.313,108.07856750488,71.940040588379,-2.1934144496918,4
1586229956.4206,108.05713653564,71.529029846191,-2.1857979297638,4
1586229956.5282,108.0503692627,71.11311340332,-2.1803507804871,4
1586229956.6419,108.04242706299,70.625190734863,-2.1790931224823,4
1586229956.7485,108.03277587891,70.209571838379,-2.196145772934,4
1586229956.8563,108.0291519165,69.790176391602,-2.2143745422363,4
1586229956.972,108.11650848389,69.312690734863,-2.2621068954468,4
1586229957.0787,108.22852325439,68.912475585938,-2.255518913269,4
1586229957.1848,108.34419250488,68.504615783691,-2.2496454715729,4
1586229957.301,108.52272033691,68.056060791016,-2.2550003528595,4
1586229957.4087,108.74027252197,67.697479248047,-2.2765097618103,4
1586229957.5161,108.96004486084,67.340255737305,-2.298638343811,4
1586229957.6238,109.17560577393,66.989822387695,-2.3197202682495,4
1586229957.7375,109.42658233643,66.585716247559,-2.3329610824585,4
1586229957.8452,109.64659118652,66.232841491699,-2.3447773456573,4
1586229957.9529,109.87828826904,65.888084411621,-2.3648729324341,4
1586229958.0606,110.20616149902,65.526794433594,-2.371586561203,4
1586229958.1763,110.4873046875,65.220252990723,-2.3780634403229,4
1586229958.284,110.77114868164,64.910758972168,-2.3846015930176,4
1586229958.3916,111.092628479,64.538833618164,-2.3868470191956,4
1586229958.4993,111.34503173828,64.203575134277,-2.3659665584564,4
1586229958.6067,111.60311889648,63.862800598145,-2.3449945449829,4
1586229958.7222,111.85882568359,63.525253295898,-2.3242111206055,4
1586229958.8298,112.11032867432,63.19490814209,-2.3044910430908,4
1586229958.9375,112.40907287598,62.812488555908,-2.2578785419464,4
1586229959.0463,112.66622161865,62.483325958252,-2.2139482498169,4
1586229959.154,112.92090606689,62.157302856445,-2.1704354286194,4
1586229959.2687,113.2036895752,61.768661499023,-2.1158740520477,4
1586229959.3764,113.43058013916,61.433204650879,-2.0791068077087,4
1586229959.4831,113.66610717773,61.0876121521,-1.9955546855927,4
1586229959.5918,113.8968963623,60.751514434814,-1.9128620624542,4
1586229959.7065,114.16135406494,60.343379974365,-1.8631901741028,4
1586229959.8143,114.38373565674,59.99681854248,-1.8503866195679,4
1586229959.923,114.61265563965,59.640171051025,-1.8372175693512,4
1586229960.0307,114.83934020996,59.286861419678,-1.8241672515869,4
1586229960.1381,115.09838867188,58.883068084717,-1.809237241745,4
1586229960.2528,115.32730102539,58.52640914917,-1.7960662841797,4
1586229960.3605,115.55623626709,58.169757843018,-1.7828984260559,4
1586229960.4694,115.81744384766,57.762607574463,-1.7678503990173,4
1586229960.5765,116.04373168945,57.408946990967,-1.7547459602356,4
1586229960.6897,116.26710510254,57.058017730713,-1.7605857849121,4
1586229960.7983,116.52738952637,56.650238037109,-1.7764925956726,4
1586229960.906,116.71670532227,56.353668212891,-1.7860050201416,4
1586229961.0133,116.98348236084,55.93579864502,-1.7991757392883,4
1586229961.128,117.21369934082,55.575199127197,-1.8105592727661,4
1586229961.2357,117.43738555908,55.224681854248,-1.8216300010681,4
1586229961.3442,117.69983673096,54.813537597656,-1.8346109390259,4
1586229961.4519,117.92572021484,54.459659576416,-1.8457849025726,4
1586229961.5596,118.14727783203,54.112506866455,-1.8567481040955,4
1586229961.6763,118.4097366333,53.701362609863,-1.8697290420532,4
1586229961.784,118.63971710205,53.340579986572,-1.8811144828796,4
1586229961.8913,118.86423492432,52.985736846924,-1.8645036220551,4
1586229961.999,119.09301757813,52.624118804932,-1.8552260398865,4
1586229962.1067,119.32181549072,52.26248550415,-1.8459477424622,4
1586229962.222,119.58501434326,51.846885681152,-1.8381292819977,4
1586229962.3295,119.80810546875,51.49573135376,-1.8384604454041,4
1586229962.4372,120.0333404541,51.141235351563,-1.8387937545776,4
1586229962.5459,120.25856018066,50.786720275879,-1.8391282558441,4
1586229962.6597,120.50958251953,50.391712188721,-1.8394973278046,4
1586229962.7674,120.73268127441,50.040576934814,-1.8398275375366,4
1586229962.875,120.96007537842,49.682697296143,-1.8405830860138,4
1586229962.9828,121.18740081787,49.324802398682,-1.8384582996368,4
1586229963.0915,121.44467163086,48.919616699219,-1.8360612392426,4
1586229963.2062,121.66549682617,48.571804046631,-1.8340046405792,4
1586229963.3139,121.89490509033,48.210517883301,-1.8318667411804,4
1586229963.4221,122.16075897217,47.791820526123,-1.8293895721436,4
1586229963.5295,122.38372802734,47.440662384033,-1.82807970047,4
1586229963.6442,122.60882568359,47.086112976074,-1.8252158164978,4
1586229963.7514,122.83393859863,46.731506347656,-1.821213722229,4
1586229963.8592,123.09766387939,46.316097259521,-1.8171899318695,4
1586229963.9679,123.32709503174,45.954765319824,-1.815788269043,4
1586229964.0756,123.55439758301,45.596885681152,-1.8205735683441,4
1586229964.1901,123.78160095215,45.238922119141,-1.818558216095,4
1586229964.2988,124.01299285889,44.874164581299,-1.8117065429688,4
1586229964.4065,124.23795318604,44.519523620605,-1.8073537349701,4
1586229964.5133,124.46502685547,44.16149520874,-1.8029613494873,4
1586229964.6279,124.73065948486,43.742671966553,-1.7978229522705,4
1586229964.7356,124.95558166504,43.388031005859,-1.7934722900391,4
1586229964.8443,125.18352508545,43.031509399414,-1.8160095214844,4
1586229964.9512,125.4144821167,42.673156738281,-1.8539702892303,4
1586229965.0656,125.67778015137,42.264537811279,-1.8972566127777,4
1586229965.1742,125.90006256104,41.919551849365,-1.9338021278381,4
1586229965.2814,126.12882232666,41.564540863037,-1.9714095592499,4
1586229965.389,126.38973999023,41.158813476563,-2.0143027305603,4
1586229965.5037,126.61285400391,40.807708740234,-2,4
1586229965.6115,126.84031677246,40.449851989746,-2.0264973640442,4
1586229965.7202,127.06699371338,40.099082946777,-2.0996923446655,4
1586229965.8279,127.29794311523,39.741672515869,-2.1743001937866,4
1586229965.9356,127.55698394775,39.340293884277,-2.2577440738678,4
1586229966.0443,127.78769683838,38.979991912842,-2.2466354370117,4
1586229966.158,128.02056884766,38.616313934326,-2.2580564022064,4
1586229966.2657,128.24479675293,38.266082763672,-2.2690806388855,4
1586229966.3734,128.46937561035,37.911243438721,-2.261842250824,4
1586229966.4881,128.73243713379,37.495578765869,-2.2552018165588,4
1586229966.5968,128.95487976074,37.144138336182,-2.249584197998,4
1586229966.7038,129.17739868164,36.78870010376,-2.2441809177399,4
1586229966.8111,129.39785766602,36.42862701416,-2.202232837677,4
1586229966.9192,129.65170288086,36.014236450195,-2.1571221351624,4
1586229967.0339,129.86392211914,35.667812347412,-2.1193940639496,4
1586229967.1416,130.08383178711,35.31135559082,-2.0870275497437,4
1586229967.2493,130.30659484863,34.951595306396,-2.0598890781403,4
1586229967.3571,130.56718444824,34.53076171875,-2.0281419754028,4
1586229967.4658,130.78569030762,34.177780151367,-2.0015170574188,4
1586229967.5795,131.01054382324,33.814670562744,-1.9741234779358,4
1586229967.6872,131.26477050781,33.403987884521,-1.9431562423706,4
1586229967.7959,131.48118591309,33.054386138916,-1.9171378612518,4
1586229967.9097,131.70115661621,32.701198577881,-1.8519244194031,4
1586229968.0172,131.92486572266,32.344566345215,-1.7936720848083,4
1586229968.1246,132.18577575684,31.933055877686,-1.7851696014404,4
1586229968.2313,132.41049194336,31.578977584839,-1.8062438964844,4
1586229968.3495,132.63275146484,31.228429794312,-1.8343639373779,4
1586229968.4501,132.85499572754,30.877893447876,-1.8624823093414,4
1586229968.5643,133.11782836914,30.463317871094,-1.8957371711731,4
1586229968.6731,133.34222412109,30.109420776367,-1.9241263866425,4
1586229968.7808,133.56448364258,29.758878707886,-1.9522459506989,4
1586229968.8882,133.78674316406,29.408348083496,-1.9803650379181,4
1586229969.0019,134.0477142334,28.996950149536,-2.0133454799652,4
1586229969.1091,134.27294921875,28.642446517944,-2,4
1586229969.2175,134.49600219727,28.291318893433,-2,4
1586229969.3253,134.72552490234,27.930025100708,-2,4
1586229969.44,134.95932006836,27.562009811401,-2,4
1586229969.5487,135.2253112793,27.143339157104,-2,4
1586229969.6564,135.45054626465,26.788835525513,-2,4
1586229969.7641,135.67361450195,26.437726974487,-2,4
1586229969.8788,135.93313598633,26.029226303101,-2,4
1586229969.9856,136.15837097168,25.674726486206,-2,4
1586229970.0933,136.38787841797,25.313436508179,-2,4
1586229970.2063,136.61093139648,24.962316513062,-2,4
1586229970.3132,136.91136169434,24.7043800354,-2,4
1586229970.4209,137.1764831543,24.508127212524,-2,4
1586229970.5286,137.52166748047,24.482070922852,-2,4
1586229970.6423,137.89065551758,24.348749160767,-2,4
1586229970.75,138.3533782959,24.201526641846,-2,4
1586229970.8569,138.76138305664,24.071979522705,-2,4
1586229970.9718,139.18562316895,24.002285003662,-2,4
1586229971.0793,139.57830810547,23.877649307251,-2,4
1586229971.187,140.04344177246,23.729988098145,-2,4
1586229971.2948,140.4521484375,23.633787155151,-2,4
1586229971.4084,141.04180908203,23.679962158203,-1.9833617210388,4
1586229971.5161,141.42156982422,23.502935409546,-1.9552426338196,4
1586229971.6238,141.8434753418,23.257881164551,-1.9477803707123,4
1586229971.7316,142.20658874512,23.046998977661,-1.941401720047,4
1586229971.848,142.62152099609,22.806001663208,-1.9340181350708,4
1586229971.9558,142.98461914063,22.595125198364,-1.9256715774536,4
1586229972.0634,143.35124206543,22.382209777832,-1.9182591438293,4
1586229972.1714,143.72482299805,22.165271759033,-1.9107050895691,4
1586229972.2793,144.08447265625,21.956390380859,-1.9034337997437,4
1586229972.393,144.45109558105,21.743488311768,-1.8960204124451,4
1586229972.4998,144.8695526123,21.500455856323,-1.8875598907471,4
1586229972.6129,145.23268127441,21.289554595947,-1.8802185058594,4
1586229972.7216,145.58883666992,21.082681655884,-1.8740329742432,4
1586229972.8294,146.00759887695,20.840173721313,-1.8776123523712,4
1586229972.9371,146.37437438965,20.627737045288,-1.8807466030121,4
1586229973.0458,146.71646118164,20.385511398315,-1.8860566616058,4
1586229973.1595,147.08448791504,20.071380615234,-1.8946678638458,4
1586229973.2663,147.40086364746,19.801361083984,-1.9020690917969,4
1586229973.3739,147.72024536133,19.528730392456,-1.9095430374146,4
1586229973.4816,148.04272460938,19.253492355347,-1.9170875549316,4
1586229973.5981,148.41691589355,18.934080123901,-1.9244084358215,4
1586229973.707,148.68769836426,18.702955245972,-1.9297268390656,4
1586229973.814,149.05882263184,18.386137008667,-1.9370188713074,4
1586229973.9225,149.3751373291,18.116098403931,-1.9432339668274,4
1586229974.0301,149.69429016113,17.843091964722,-1.9409425258636,4
1586229974.1378,150.01649475098,17.567495346069,-1.939927816391,4
1586229974.2521,150.39497375488,17.248296737671,-1.9824430942535,4
1586229974.3588,150.71870422363,16.984609603882,-2.0279529094696,4
1586229974.4675,151.04852294922,16.715932846069,-2.0743236541748,4
1586229974.5807,151.42468261719,16.409551620483,-2.1271994113922,4
1586229974.6883,151.69596862793,16.188550949097,-2.1653423309326,4
1586229974.797,152.0721282959,15.882208824158,-2.2182085514069,4
1586229974.9044,152.39277648926,15.62110042572,-2.2632665634155,4
1586229975.019,152.7156829834,15.355872154236,-2.3092308044434,4
1586229975.1258,153.07684326172,15.039644241333,-2.2115712165833,4
1586229975.2334,153.39080810547,14.762031555176,-2.1473920345306,4
1586229975.3421,153.70477294922,14.484451293945,-2.0831933021545,4
1586229975.4568,154.06021118164,14.170137405396,-2.0104920864105,4
1586229975.5631,154.37121582031,13.895141601563,-1.9469194412231,4
1586229975.6718,154.63327026367,13.665180206299,-1.8993973731995,4
1586229975.7791,155.00726318359,13.346370697021,-1.9234480857849,4
1586229975.8928,155.37216186523,13.035318374634,-1.9469397068024,4
1586229976.0002,155.69747924805,12.758005142212,-1.967883348465,4
1586229976.1079,156.01371765137,12.488437652588,-1.988242149353,4
1586229976.2167,156.32997131348,12.218601226807,-2.0086016654968,4
1586229976.3313,156.69180297852,11.909267425537,-2,4
1586229976.4391,157.01406860352,11.633695602417,-2,4
1586229976.5474,157.33638000488,11.358127593994,-2.0037651062012,4
1586229976.6551,157.65476989746,11.085310935974,-1.9773092269897,4
1586229976.7628,158.02749633789,10.765719413757,-1.9463336467743,4
1586229976.8765,158.34266662598,10.495497703552,-1.9201397895813,4
1586229976.9833,158.62789916992,10.178625106812,-1.8943862915039,4
1586229977.0919,158.83059692383,9.8169584274292,-1.872216463089,4
1586229977.2064,158.96466064453,9.3493299484253,-1.8510828018188,4
1586229977.3141,159.04698181152,8.9418859481812,-1.8347012996674,4
1586229977.4223,159.13162231445,8.5226736068726,-1.8178493976593,4
1586229977.53,159.21548461914,8.1073789596558,-1.8164587020874,4
1586229977.6438,159.31230163574,7.6238293647766,-1.7547690868378,4
1586229977.7502,159.39218139648,7.2229995727539,-1.7036733627319,4
1586229977.8567,159.47386169434,6.8109092712402,-1.6471812725067,4
1586229977.9734,159.53189086914,6.3394384384155,-1.5842223167419,4
1586229978.0795,159.55229187012,5.9233469963074,-1.5308027267456,4
1586229978.1865,159.56970214844,5.5150842666626,-1.4785643815994,4
1586229978.2946,159.54692077637,5.1027669906616,-1.4285871982574,4
1586229978.4094,159.517578125,4.6231460571289,-1.3706564903259,4
1586229978.517,159.49220275879,4.2069482803345,-1.3203805685043,4
1586229978.6247,159.46650695801,3.7896044254303,-1.2691978216171,4
1586229978.7324,159.43876647949,3.3840510845184,-1.1183598041534,4
1586229978.8411,159.41613769531,2.9735684394836,-0.97558784484863,4
1586229978.9548,159.38961791992,2.4942812919617,-0.80542039871216,4
1586229979.0625,159.39631652832,2.0949349403381,-0.6794501543045,4
1586229979.1703,159.40550231934,1.6877797842026,-0.55223369598389,4
1586229979.284,159.4162902832,1.2088228464127,-0.41908925771713,4
1586229979.3913,159.42556762695,0.80184906721115,-0.29190838336945,4
1586229979.4993,159.43460083008,0.4023252427578,-0.16705274581909,4
1586229979.6069,159.44387817383,-0.0050126537680626,-0.03986668586731,4
1586229979.7233,159.45445251465,-0.5008989572525,0,4
1586229979.8312,159.46347045898,-0.9248018860817,0,4
1586229979.9385,159.4723815918,-1.3447054624557,0,4
1586229980.0472,159.4813079834,-1.7646073102951,0,4
1586229980.1549,159.4917755127,-2.2564940452576,0,4
1586229980.2694,159.50068664551,-2.6723945140839,0,4
1586229980.3771,159.50971984863,-3.0962972640991,0,4
1586229980.4838,159.51861572266,-3.512197971344,0,4
1586229980.5927,159.52903747559,-4.0000824928284,-0.0020303726196289,4
1586229980.7005,159.53820800781,-4.4271974563599,0.026245057582855,4
1586229980.8151,159.54718017578,-4.8461856842041,0.053978353738785,4
1586229980.9238,159.55516052246,-5.2647080421448,0.087885946035385,4
1586229981.0315,159.56317138672,-5.6832323074341,0.12219125032425,4
1586229981.1382,159.57264709473,-6.1774892807007,0.16270953416824,4
1586229981.2519,159.58036804199,-6.5880446434021,0.19636017084122,4
1586229981.3587,159.58837890625,-7.0065670013428,0.23066508769989,4
1586229981.4661,159.59286499023,-7.4156289100647,0.27116644382477,4
1586229981.5809,159.59303283691,-7.8836517333984,0.43951332569122,4
1586229981.6883,159.59594726563,-8.2940721511841,0.55283057689667,4
1586229981.797,159.59616088867,-8.7622814178467,0.7160896062851,4
1586229981.9041,159.59364318848,-9.1819429397583,0.79552114009857,4
1586229982.0185,159.59954833984,-9.5991125106812,0.88890302181244,4
1586229982.1261,159.60852050781,-10.014584541321,0.90795910358429,4
1586229982.2329,159.61761474609,-10.438045501709,0.92738169431686,4
1586229982.3412,159.62210083008,-10.645777702332,0.93690955638885,4
1586229982.4559,159.63687133789,-11.332898139954,0.96842479705811,4
1586229982.5636,159.64587402344,-11.752365112305,0.98766452074051,4
1586229982.6718,159.65632629395,-12.239961624146,1,4
1586229982.7792,159.66534423828,-12.659858703613,1,4
1586229982.8929,159.67428588867,-13.079758644104,1,4
1586229983.0006,159.68450927734,-13.559638023376,1,4
1586229983.1083,159.69355773926,-13.983541488647,1,4
1586229983.217,159.70243835449,-14.399436950684,1,4
1586229983.3307,159.71145629883,-14.819339752197,1,4
1586229983.4382,159.72178649902,-15.303219795227,1,4
1586229983.5468,159.7308807373,-15.727116584778,1,4
1586229983.6531,159.73973083496,-16.143016815186,1,4
1586229983.7678,159.74873352051,-16.566917419434,1,4
1586229983.8753,159.75901794434,-17.050807952881,1,4
1586229983.983,159.76789855957,-17.470714569092,1,4
1586229984.0984,159.77688598633,-17.894620895386,1,4
1586229984.2061,159.78721618652,-18.382514953613,1,4
1586229984.3138,159.7960357666,-18.798414230347,1,4
1586229984.4225,159.80474853516,-19.21032333374,1,4
1586229984.5293,159.81365966797,-19.630226135254,1,4
1586229984.6431,159.82414245605,-20.122108459473,1,4
1586229984.7494,159.83294677734,-20.538009643555,1,4
1586229984.8571,159.84184265137,-20.957914352417,1,4
1586229984.9658,159.8511505127,-21.393810272217,1,4
1586229985.0791,159.85995483398,-21.809715270996,1,4
1586229985.1855,159.86882019043,-22.225618362427,1,4
1586229985.3012,159.8791809082,-22.713510513306,1,4
1586229985.4085,159.88815307617,-23.137420654297,1,4
1586229985.5164,159.8971862793,-23.561325073242,1,4
1586229985.6241,159.90740966797,-24.045223236084,1,4
1586229985.7316,159.91619873047,-24.461130142212,1,4
1586229985.8483,159.92518615723,-24.885036468506,1,4
1586229985.955,159.935546875,-25.372926712036,1,4
1586229986.0616,159.94415283203,-25.780830383301,1,4
1586229986.1703,159.9529876709,-26.19673538208,1,4
1586229986.2839,159.96337890625,-26.68462562561,1,4
1586229986.3911,159.9722442627,-27.10453414917,1,4
1586229986.4984,159.98094177246,-27.516437530518,1,4
1586229986.6121,159.99128723145,-28.004325866699,0.69999998807907,4
1586229986.7209,160,-28.416236877441,0.44183334708214,4
1586229986.8282,160.00881958008,-28.832139968872,0.10000002384186,4
1586229986.9359,160.01802062988,-29.264041900635,-0.20816689729691,4
1586229987.0444,160.0269317627,-29.683940887451,-0.25,4
1586229987.1591,160.03729248047,-30.171836853027,-0.25,4
1586229987.2661,160.04609680176,-30.587734222412,-0.25,4
1586229987.3738,160.05520629883,-31.015640258789,-0.25,4
1586229987.4813,160.06413269043,-31.435548782349,-0.25,4
1586229987.597,160.07446289063,-31.923450469971,-0.25,4
1586229987.7038,160.08337402344,-32.343364715576,-0.25,4
1586229987.811,160.09225463867,-32.763275146484,-0.25,4
1586229987.9262,160.10276794434,-33.259174346924,-0.25,4
1586229988.0334,160.11186218262,-33.687068939209,-0.25,4
1586229988.1414,160.12069702148,-34.106990814209,-0.25,4
1586229988.2488,160.12971496582,-34.530879974365,-0.25,4
1586229988.3565,160.13850402832,-34.946788787842,-0.25,4
1586229988.4722,160.14756774902,-35.374691009521,-0.25,4
1586229988.5799,160.15812683105,-35.870586395264,-0.25,4
1586229988.6873,160.16717529297,-36.298492431641,-0.25,4
1586229988.7959,160.17604064941,-36.718410491943,-0.25,4
1586229988.9036,160.18507385254,-37.142318725586,-0.25,4
1586229989.0183,160.19386291504,-37.558223724365,-0.25,4
1586229989.1261,160.20439147949,-38.054107666016,-0.25,4
1586229989.2338,160.21308898926,-38.466022491455,-0.25,4
1586229989.3424,160.22186279297,-38.877941131592,-0.25,4
1586229989.4502,160.23075866699,-39.297847747803,-0.25,4
1586229989.5638,160.24114990234,-39.789741516113,-0.25,4
1586229989.6713,160.24987792969,-40.205657958984,-0.54999995231628,4
1586229989.779,160.25868225098,-40.621570587158,-0.85000002384186,4
1586229989.8926,160.26902770996,-41.109466552734,-1.1500000953674,4
1586229989.9999,160.27789306641,-41.529392242432,-1.4500000476837,4
1586229990.1078,160.28659057617,-41.941299438477,-1.626499414444,4
1586229990.2223,160.29713439941,-42.43717956543,-1.926500082016,4
1586229990.3287,160.30574035645,-42.845096588135,-2.3091666698456,4
1586229990.4353,160.31474304199,-43.269008636475,-2.3499999046326,4
1586229990.5515,160.32496643066,-43.752883911133,-2.6500000953674,4
1586229990.6593,160.33410644531,-44.180793762207,-2.6500000953674,4
1586229990.7666,160.34298706055,-44.600688934326,-2.6500000953674,4
1586229990.8739,160.3516998291,-45.012577056885,-2.6500000953674,4
1586229990.9871,160.3607635498,-45.44047164917,-2.6500000953674,4
1586229991.0955,160.3698425293,-45.868381500244,-2.6500000953674,4
