238,nil,nil
1586231362.2758,161,-62,-5.0491552352905,4
1586231362.3765,161,-62,-5.0491552352905,4
1586231362.4838,161.00057983398,-61.863994598389,-5.0491547584534,4
1586231362.5915,161.0023651123,-61.44397354126,-5.0491528511047,4
1586231362.7058,161.0044708252,-60.947956085205,-5.0491514205933,4
1586231362.8135,161.00619506836,-60.539970397949,-5.0493454933167,4
1586231362.9215,161.00796508789,-60.119968414307,-5.0497136116028,4
1586231363.0293,161.01005554199,-59.623954772949,-5.0501480102539,4
1586231363.1437,161.01182556152,-59.203948974609,-5.0500001907349,4
1586231363.251,161.01362609863,-58.779926300049,-4.8019971847534,4
1586231363.3578,161.01539611816,-58.363910675049,-4.625500202179,4
1586231363.4661,161.01715087891,-57.93989944458,-4.4081654548645,4
1586231363.5809,161.01922607422,-57.451881408691,-4.108166217804,4
1586231363.6882,161.0086517334,-57.028038024902,-3.8081674575806,4
1586231363.7969,160.99867248535,-56.61213684082,-3.5500001907349,4
1586231363.9047,160.98908996582,-56.1962890625,-3.25,4
1586231364.0184,160.9779510498,-55.712474822998,-2.9500000476837,4
1586231364.1261,160.96800231934,-55.284587860107,-2.7020010948181,4
1586231364.2338,160.9580078125,-54.860698699951,-2.6500000953674,4
1586231364.3427,160.9465637207,-54.376815795898,-2.6500000953674,4
1586231364.457,160.93655395508,-53.95690536499,-2.6500000953674,4
1586231364.5645,160.92663574219,-53.545009613037,-2.6500000953674,4
1586231364.673,160.91502380371,-53.061130523682,-2.6500000953674,4
1586231364.7797,160.90467834473,-52.637237548828,-2.6500000953674,4
1586231364.8929,160.8948059082,-52.221328735352,-2.6500000953674,4
1586231365.0001,160.88473510742,-51.79740524292,-2.6500000953674,4
1586231365.1078,160.87466430664,-51.373504638672,-2.6500000953674,4
1586231365.2159,160.86305236816,-50.889617919922,-2.6500000953674,4
1586231365.3298,160.85301208496,-50.473697662354,-2.6500000953674,4
1586231365.4371,160.84300231934,-50.057796478271,-2.6500000953674,4
1586231365.5458,160.83114624023,-49.569896697998,-2.6500000953674,4
1586231365.6535,160.82093811035,-49.149990081787,-2.6500000953674,4
1586231365.7679,160.81089782715,-48.734088897705,-2.6500465869904,4
1586231365.8757,160.79898071289,-48.242195129395,-2.6496934890747,4
1586231365.9832,160.78889465332,-47.826267242432,-2.6493947505951,4
1586231366.0909,160.77894592285,-47.414405822754,-2.6496171951294,4
1586231366.2056,160.76866149902,-46.990550994873,-2.6500000953674,4
1586231366.3133,160.75671386719,-46.498687744141,-2.6500000953674,4
1586231366.4216,160.74632263184,-46.070789337158,-2.6500000953674,4
1586231366.5289,160.73599243164,-45.642883300781,-2.6500000953674,4
1586231366.6431,160.72583007813,-45.222984313965,-2.6500000953674,4
1586231366.7508,160.71566772461,-44.803077697754,-2.6500000953674,4
1586231366.8585,160.70399475098,-44.319171905518,-2.6500000953674,4
1586231366.9669,160.69407653809,-43.90726852417,-2.6500000953674,4
1586231367.0811,160.68368530273,-43.479362487793,-2.6500000953674,4
1586231367.1888,160.67359924316,-43.063449859619,-2.3081660270691,4
1586231367.2971,160.66156005859,-42.567558288574,-2.00816655159,4
1586231367.4045,160.65142822266,-42.151641845703,-1.75,4
1586231367.5186,160.64138793945,-41.735717773438,-1.4500000476837,4
1586231367.6258,160.62971496582,-41.251819610596,-1.3254994153976,4
1586231367.7335,160.61976623535,-40.83992767334,-1.0254997014999,4
1586231367.841,160.60972595215,-40.424041748047,-0.80816650390625,4
1586231367.9546,160.59963989258,-40.008148193359,-0.50816643238068,4
1586231368.0622,160.58769226074,-39.516269683838,-0.25,4
1586231368.1704,160.5775604248,-39.096366882324,-0.25,4
1586231368.2837,160.56729125977,-38.672466278076,-0.25,4
1586231368.3909,160.55709838867,-38.252578735352,-0.25,4
1586231368.4986,160.54566955566,-37.77668762207,-0.25,4
1586231368.6067,160.53538513184,-37.35279083252,-0.25,4
1586231368.716,160.52523803711,-36.932888031006,-0.25,4
1586231368.8299,160.51332092285,-36.441020965576,-0.25,4
1586231368.9376,160.50491333008,-36.093109130859,-0.25,4
1586231369.0463,160.49252319336,-35.581241607666,-0.25,4
1586231369.1538,160.48222351074,-35.157333374023,-0.25,4
1586231369.2679,160.47216796875,-34.741428375244,-0.25,4
1586231369.3756,160.46202087402,-34.321517944336,-0.25,4
1586231369.4833,160.45028686523,-33.837657928467,-0.25,4
1586231369.5915,160.44007873535,-33.417762756348,-0.25,4
1586231369.7069,160.42990112305,-32.997859954834,-0.25,4
1586231369.8147,160.41806030273,-32.509971618652,-0.25,4
1586231369.923,160.40777587891,-32.086090087891,-0.25,4
1586231370.0307,160.39752197266,-31.662204742432,-0.25,4
1586231370.1385,160.38725280762,-31.238311767578,-0.25,4
1586231370.2526,160.37533569336,-30.746440887451,-0.25,4
1586231370.36,160.36520385742,-30.326545715332,-0.25,4
1586231370.4688,160.35510253906,-29.906644821167,-0.25,4
1586231370.576,160.34526062012,-29.494739532471,-0.25,4
1586231370.6907,160.33364868164,-29.010852813721,-0.0019999146461487,4
1586231370.7994,160.32362365723,-28.594957351685,0.10000002384186,4
1586231370.9067,160.31364440918,-28.179063796997,0.39999997615814,4
1586231371.0134,160.30366516113,-27.763162612915,0.74183332920074,4
1586231371.1279,160.29174804688,-27.271295547485,1,4
1586231371.2351,160.28153991699,-26.851402282715,1,4
1586231371.3439,160.27151489258,-26.435503005981,1,4
1586231371.4516,160.26132202148,-26.011611938477,1,4
1586231371.5654,160.24951171875,-25.51974105835,1,4
1586231371.6736,160.2396697998,-25.107837677002,1,4
1586231371.7802,160.22941589355,-24.6839427948,1,4
1586231371.888,160.21914672852,-24.260053634644,1,4
1586231372.0027,160.20700073242,-23.760189056396,1,4
1586231372.1104,160.19664001465,-23.332300186157,1,4
1586231372.2191,160.1865234375,-22.912414550781,1,4
1586231372.3268,160.1766204834,-22.500522613525,1,4
1586231372.4405,160.16477966309,-22.012649536133,1,4
1586231372.5476,160.15475463867,-21.596755981445,1,4
1586231372.6549,160.14436340332,-21.168867111206,1,4
1586231372.7626,160.13423156738,-20.748977661133,1,4
1586231372.8761,160.12382507324,-20.321092605591,1,4
1586231372.9838,160.11207580566,-19.833219528198,1,4
1586231373.0922,160.10188293457,-19.409336090088,1,4
1586231373.2053,160.09190368652,-18.993444442749,1,4
1586231373.3124,160.08015441895,-18.505575180054,1,4
1586231373.4213,160.07015991211,-18.089685440063,1,4
1586231373.5346,160.05995178223,-17.669797897339,1,4
1586231373.6421,160.04962158203,-17.2419090271,1,4
1586231373.7496,160.03938293457,-16.818023681641,1,4
1586231373.8573,160.02926635742,-16.398138046265,1,4
1586231373.9728,160.01710510254,-15.898275375366,0.99753499031067,4
1586231374.0798,160.00671386719,-15.470392227173,0.99959129095078,4
1586231374.1875,159.99652099609,-15.046508789063,0.99983036518097,4
1586231374.2962,159.98506164551,-14.56662940979,1,4
1586231374.4036,159.97508239746,-14.1507396698,1,4
1586231374.5168,159.96496582031,-13.730850219727,1,4
1586231374.6242,159.95484924316,-13.310966491699,1,4
1586231374.7322,159.94337463379,-12.831091880798,1,4
1586231374.8409,159.93339538574,-12.415202140808,1,4
1586231374.9551,159.9217376709,-11.93140411377,0.99121332168579,4
1586231375.0628,159.91139221191,-11.507970809937,0.97645950317383,4
1586231375.1716,159.90121459961,-11.092531204224,0.95740485191345,4
1586231375.2788,159.89100646973,-10.673091888428,0.93816673755646,4
1586231375.3935,159.8805847168,-10.245663642883,0.91856229305267,4
1586231375.5014,159.86885070801,-9.7623157501221,0.89639294147491,4
1586231375.6091,159.85888671875,-9.3508710861206,0.87752145528793,4
1586231375.7178,159.85411071777,-8.9392976760864,0.77852988243103,4
1586231375.8256,159.85661315918,-8.5370473861694,0.65177375078201,4
1586231375.9398,159.85917663574,-8.0752573013306,0.50686705112457,4
1586231376.0474,159.86126708984,-7.6821627616882,0.38350805640221,4
1586231376.1545,159.86352539063,-7.2776212692261,0.25992494821548,4
1586231376.2687,159.85823059082,-6.807692527771,0.1778809428215,4
1586231376.3759,159.84898376465,-6.3969459533691,0.18791043758392,4
1586231376.4837,159.83978271484,-5.9784536361694,0.15357419848442,4
1586231376.5929,159.82897949219,-5.4842247962952,0.11302554607391,4
1586231376.7007,159.81976318359,-5.069718837738,0.079013675451279,4
1586231376.8155,159.81051635742,-4.6552119255066,0.041351974010468,4
1586231376.9239,159.80102539063,-4.2366404533386,0.010658770799637,4
1586231377.0309,159.78921508789,-3.7493877410889,0,4
1586231377.1444,159.7791595459,-3.3375141620636,0,4
1586231377.252,159.76745605469,-2.8576574325562,0,4
1586231377.3597,159.75729370117,-2.4377853870392,0,4
1586231377.4679,159.7472076416,-2.0219106674194,0,4
1586231377.5754,159.73722839355,-1.6140325069427,0,4
1586231377.6901,159.72535705566,-1.1261801719666,0,4
1586231377.7978,159.71522521973,-0.70630222558975,0,4
1586231377.9055,159.7049407959,-0.27842375636101,0,4
1586231378.0132,159.69480895996,0.13126301765442,-0.085861325263977,4
1586231378.127,159.68283081055,0.58927369117737,-0.22898840904236,4
1586231378.2346,159.67230224609,0.99003112316132,-0.35422521829605,4
1586231378.3421,159.66192626953,1.3869726657867,-0.47826945781708,4
1586231378.4569,159.64974975586,1.8526127338409,-0.62378191947937,4
1586231378.5647,159.6392364502,2.2533676624298,-0.74901783466339,4
1586231378.6735,159.6286315918,2.6579406261444,-0.87544691562653,4
1586231378.7812,159.61798095703,3.0625116825104,-1.0018754005432,4
1586231378.889,159.60720825195,3.4709002971649,-1.1423151493073,4
1586231379.0034,159.60148620605,3.923499584198,-1.3142311573029,4
1586231379.1105,159.5944519043,4.3490028381348,-1.330940246582,4
1586231379.2191,159.58773803711,4.7735872268677,-1.3844780921936,4
1586231379.3266,159.58125305176,5.182300567627,-1.4360158443451,4
1586231379.4403,159.57377624512,5.6545033454895,-1.4955585002899,4
1586231379.549,159.5672454834,6.0671849250793,-1.547595500946,4
1586231379.6565,159.56074523926,6.4798665046692,-1.599630355835,4
1586231379.7638,159.55302429199,6.9679412841797,-1.6611738204956,4
1586231379.8784,159.54649353027,7.380624294281,-1.7127039432526,4
1586231379.986,159.48699951172,7.7882032394409,-1.7760810852051,4
1586231380.0944,159.37303161621,8.2561864852905,-1.7960937023163,4
1586231380.2021,159.27328491211,8.6638040542603,-1.8135056495667,4
1586231380.3154,159.17262268066,9.0753002166748,-1.8310813903809,4
1586231380.4235,159.07196044922,9.4868001937866,-1.8486576080322,4
1586231380.5308,158.97225952148,9.8944139480591,-1.8660669326782,4
1586231380.6385,158.85739135742,10.364159584045,-1.8861281871796,4
1586231380.753,158.70541381836,10.758542060852,-1.9062378406525,4
1586231380.8598,158.47229003906,11.11114692688,-1.9299376010895,4
1586231380.9685,158.21722412109,11.449045181274,-1.9545116424561,4
1586231381.075,157.96459960938,11.783731460571,-1.9788510799408,4
1586231381.1896,157.66850280762,12.175849914551,-2.0073523521423,4
1586231381.2979,157.41732788086,12.507500648499,-2,4
1586231381.4057,157.12753295898,12.889811515808,-1.9894309043884,4
1586231381.5128,156.87399291992,13.22393321991,-1.9669241905212,4
1586231381.6256,156.61804199219,13.561221122742,-1.9442262649536,4
1586231381.7333,156.36204528809,13.898531913757,-1.9215259552002,4
1586231381.8415,156.11097717285,14.22945690155,-1.8992576599121,4
1586231381.955,155.81399536133,14.620837211609,-1.8729190826416,4
1586231382.0625,155.56530761719,14.948588371277,-1.8508632183075,4
1586231382.1707,155.31178283691,15.282717704773,-1.828378200531,4
1586231382.2785,155.00958251953,15.662709236145,-1.8594942092896,4
1586231382.3921,154.71244812012,15.947337150574,-1.9206604957581,4
1586231382.4996,154.40631103516,16.235074996948,-1.9768443107605,4
1586231382.607,154.09222412109,16.510284423828,-1.9531493186951,4
1586231382.7225,153.72030639648,16.833360671997,-1.8959746360779,4
1586231382.8293,153.40237426758,17.109535217285,-1.8471477031708,4
1586231382.937,153.08935546875,17.395502090454,-1.8280518054962,4
1586231383.0458,152.77633666992,17.68145942688,-1.8282794952393,4
1586231383.16,152.41891479492,18.007884979248,-1.8285436630249,4
1586231383.2678,152.10586547852,18.293872833252,-1.8287711143494,4
1586231383.3756,151.7899017334,18.582529067993,-1.8290009498596,4
1586231383.4833,151.47978210449,18.865795135498,-1.8292284011841,4
1586231383.592,151.16969299316,19.1490650177,-1.8294544219971,4
1586231383.7068,150.81521606445,19.472747802734,-1.8297152519226,4
1586231383.8145,150.49340820313,19.736078262329,-1.8221719264984,4
1586231383.9232,150.16700744629,19.99387550354,-1.8169164657593,4
1586231384.0309,149.78718566895,20.293809890747,-1.8108041286469,4
1586231384.1386,149.45442199707,20.556581497192,-1.8054492473602,4
1586231384.2523,149.12475585938,20.816843032837,-1.8001475334167,4
1586231384.36,148.79513549805,21.077119827271,-1.7948436737061,4
1586231384.4681,148.40898132324,21.381998062134,-1.7886326313019,4
1586231384.5754,148.13273620605,21.600147247314,-1.7841868400574,4
1586231384.6886,147.74659729004,21.905044555664,-1.7779743671417,4
1586231384.7973,147.41697692871,22.165334701538,-1.7726697921753,4
1586231384.9043,147.08735656738,22.425626754761,-1.7673649787903,4
1586231385.018,146.70765686035,22.725658416748,-1.764997959137,4
1586231385.1248,146.37515258789,22.988836288452,-1.7687244415283,4
1586231385.2324,146.04901123047,23.247091293335,-1.7707867622375,4
1586231385.341,145.72283935547,23.505327224731,-1.7736532688141,4
1586231385.4564,145.33073425293,23.815649032593,-1.7771039009094,4
1586231385.5641,144.99829101563,24.078809738159,-1.7800273895264,4
1586231385.6728,144.66580200195,24.341974258423,-1.7829523086548,4
1586231385.7805,144.33659362793,24.602693557739,-1.7858421802521,4
1586231385.8879,143.95394897461,24.905599594116,-1.7892067432404,4
1586231386.0007,143.62464904785,25.166299819946,-1.7921013832092,4
1586231386.1083,143.29220581055,25.429460525513,-1.795024394989,4
1586231386.2167,142.95683288574,25.695224761963,-1.8036212921143,4
1586231386.3303,142.57141113281,26.000827789307,-1.8150541782379,4
1586231386.4376,142.24240112305,26.261711120605,-1.8248133659363,4
1586231386.5466,141.91024780273,26.525089263916,-1.8358161449432,4
1586231386.6537,141.5969543457,26.809898376465,-1.857949256897,4
1586231386.7684,141.2883605957,27.094007492065,-1.8798887729645,4
1586231386.8761,140.92687988281,27.426868438721,-1.9055905342102,4
1586231386.9838,140.6183013916,27.710998535156,-1.9275302886963,4
1586231387.0916,140.30680847168,27.997825622559,-1.9496777057648,4
1586231387.2053,139.98944091797,28.290069580078,-1.972243309021,4
1586231387.3121,139.68086242676,28.574213027954,-2,4
1586231387.4208,139.32795715332,28.899301528931,-2,4
1586231387.5284,139.01907348633,29.183889389038,-2,4
1586231387.6421,138.70727539063,29.47117805481,-2,4
1586231387.7498,138.38688659668,29.828393936157,-2,4
1586231387.8575,138.1063079834,30.151596069336,-2,4
1586231387.9729,137.82568359375,30.474781036377,-2,4
1586231388.0797,137.54769897461,30.794927597046,-2,4
1586231388.187,137.27233886719,31.112062454224,-2,4
1586231388.2955,136.99694824219,31.42919921875,-2.011570930481,4
1586231388.4032,136.6767578125,31.795486450195,-2.0908002853394,4
1586231388.5166,136.4037322998,32.107482910156,-2.1583294868469,4
1586231388.6243,136.13331604004,32.41650390625,-2.2252142429352,4
1586231388.732,135.86291503906,32.725532531738,-2.3421638011932,4
1586231388.8407,135.54048156738,33.098434448242,-2.3711078166962,4
1586231388.9554,135.26766967773,33.417163848877,-2.2961573600769,4
1586231389.0631,134.99794006348,33.733165740967,-2.2747392654419,4
1586231389.1718,134.68312072754,34.100311279297,-2.2572538852692,4
1586231389.2786,134.4093170166,34.418571472168,-2.246089220047,4
1586231389.3922,134.13809204102,34.733772277832,-2.2350172996521,4
1586231389.4999,133.86688232422,35.04899597168,-2.2239534854889,4
1586231389.6067,133.55271911621,35.416320800781,-2.2192189693451,4
1586231389.7233,133.28985595703,35.735103607178,-2.1713888645172,4
1586231389.8298,133.0244140625,36.056930541992,-2.1230444908142,4
1586231389.9376,132.71601867676,36.430889129639,-2.0668437480927,4
1586231390.046,132.44781494141,36.744773864746,-2.0174021720886,4
1586231390.1537,132.15087890625,37.03592300415,-1.958456993103,4
1586231390.2678,131.80265808105,37.367797851563,-1.9165186882019,4
1586231390.3754,131.49914550781,37.646068572998,-1.928375005722,4
1586231390.4831,131.18675231934,37.932514190674,-1.9405827522278,4
1586231390.5919,130.87730407715,38.216217041016,-1.9526696205139,4
1586231390.7056,130.50888061523,38.554004669189,-1.96706199646,4
1586231390.8123,130.19966125488,38.842144012451,-2.0146515369415,4
1586231390.9201,129.89346313477,39.132434844971,-2.0330040454865,4
1586231391.0338,129.58551025391,39.418067932129,-2.0328788757324,4
1586231391.1414,129.28048706055,39.700950622559,-2.0359168052673,4
1586231391.2491,128.91677856445,40.038230895996,-2.0395419597626,4
1586231391.3619,128.60879516602,40.323852539063,-2.042610168457,4
1586231391.4705,128.29791259766,40.612171173096,-2.0799055099487,4
1586231391.5782,127.98671722412,40.896343231201,-2.0148334503174,4
1586231391.6859,127.68097686768,41.178028106689,-2,4
1586231391.7941,127.31859588623,41.50915145874,-1.9614281654358,4
1586231391.9075,127.01512908936,41.786422729492,-1.9337720870972,4
1586231392.015,126.70283508301,42.071792602539,-1.9053144454956,4
1586231392.1226,126.39644622803,42.351764678955,-1.8773884773254,4
1586231392.2363,126.03701019287,42.68021774292,-1.8446340560913,4
1586231392.3451,125.72766113281,42.962905883789,-1.8164370059967,4
1586231392.4528,125.42418670654,43.240200042725,-1.7887816429138,4
1586231392.5595,125.07167816162,43.56521987915,-1.7823724746704,4
1586231392.6752,124.75806427002,43.856315612793,-1.7934384346008,4
1586231392.7829,124.42082977295,44.098152160645,-1.8070871829987,4
1586231392.8906,124.03082275391,44.272441864014,-1.8254628181458,4
1586231392.9983,123.57104492188,44.457244873047,-1.8476333618164,4
1586231393.112,123.1854095459,44.612174987793,-1.8662261962891,4
1586231393.2207,122.79947662354,44.76696395874,-1.8755207061768,4
1586231393.3284,122.41352081299,44.921756744385,-1.8872938156128,4
1586231393.4352,121.95708465576,45.104789733887,-1.9012181758881,4
1586231393.5438,121.57118225098,45.259578704834,-1.9147963523865,4
1586231393.6585,121.11459350586,45.403121948242,-1.9341235160828,4
1586231393.7663,120.70101165771,45.434173583984,-1.9537551403046,4
1586231393.8738,120.28618621826,45.376522064209,-1.9753525257111,4
1586231393.9815,119.88296508789,45.295051574707,-2,4
1586231394.0968,119.40100097656,45.197460174561,-2,4
1586231394.2045,118.98550415039,45.113246917725,-2,4
1586231394.3119,118.57785797119,45.03063583374,-2,4
1586231394.4206,118.1662979126,44.94722366333,-2,4
1586231394.5282,117.69200134277,44.851089477539,-2,4
1586231394.6426,117.27647399902,44.766883850098,-2.0097863674164,4
1586231394.7494,116.86911010742,44.684017181396,-2,4
1586231394.8567,116.45809173584,44.600128173828,-1.9722399711609,4
1586231394.9724,115.98425292969,44.503684997559,-1.9609649181366,4
1586231395.0792,115.58045196533,44.422115325928,-1.9685752391815,4
1586231395.1868,115.17454528809,44.332416534424,-1.9765057563782,4
1586231395.2955,114.70971679688,44.184463500977,-1.987233877182,4
1586231395.4032,114.31342315674,44.058326721191,-1.9963803291321,4
1586231395.5175,113.917137146,43.932548522949,-2.0114054679871,4
1586231395.6239,113.45989990234,43.787860870361,-2.0310916900635,4
1586231395.7316,113.12842559814,43.682960510254,-2.0453641414642,4
1586231395.848,112.65981292725,43.534641265869,-2.0655422210693,4
1586231395.9552,112.19496917725,43.38752746582,-2.0855574607849,4
1586231396.0626,111.80570983887,43.232028961182,-2.1045231819153,4
1586231396.17,111.42220306396,43.060882568359,-2.1032178401947,4
1586231396.2841,110.98020935059,42.863628387451,-2.1043329238892,4
1586231396.3918,110.59666442871,42.692478179932,-2.1052994728088,4
1586231396.4996,110.21313476563,42.521335601807,-2.1062660217285,4
1586231396.6073,109.83325958252,42.351806640625,-2.1153635978699,4
1586231396.716,109.46044158936,42.188053131104,-2.1388001441956,4
1586231396.8307,109.02178955078,41.995388031006,-2.1663107872009,4
1586231396.9385,108.63795471191,41.826797485352,-2.1903839111328,4
1586231397.0471,108.25051116943,41.656616210938,-2.2146837711334,4
1586231397.1549,107.80503845215,41.460231781006,-2.2895843982697,4
1586231397.2625,107.48498535156,41.318740844727,-2.3551158905029,4
1586231397.3759,107.04622650146,41.124786376953,-2.4449512958527,4
1586231397.4836,106.66864013672,40.957870483398,-2.5222671031952,4
1586231397.5923,106.27787780762,40.783435821533,-2.5,4
1586231397.7001,105.83598327637,40.586170196533,-2.5,4
1586231397.8148,105.45251464844,40.414993286133,-2.5,4
1586231397.9231,105.0654296875,40.242198944092,-2.5,4
1586231398.0308,104.67832946777,40.069400787354,-2.5,4
1586231398.1386,104.23280334473,39.870510101318,-2.5,4
1586231398.2532,103.85299682617,39.700973510742,-2.5,4
1586231398.3609,103.46590423584,39.528175354004,-2.5,4
1586231398.4696,103.07878112793,39.355358123779,-2.5,4
1586231398.5771,102.63324737549,39.156463623047,-2.5,4
1586231398.6844,102.25343322754,38.986919403076,-2.5,4
1586231398.8001,101.81154632568,38.789672851563,-2.5,4
1586231398.9078,101.42444610596,38.61686706543,-2.5,4
1586231399.0155,101.04462432861,38.447322845459,-2.5,4
1586231399.1223,100.66481018066,38.277778625488,-2.5,4
1586231399.2359,100.22653961182,38.082138061523,-2.5,4
1586231399.3437,99.843063354492,37.910972595215,-2.5,4
1586231399.4513,99.466888427734,37.743053436279,-2.5,4
1586231399.5651,99.02498626709,37.545791625977,-2.5,4
1586231399.6737,98.641540527344,37.374610900879,-2.5,4
1586231399.7815,98.254425048828,37.201797485352,-2.5,4
1586231399.8892,97.870964050293,37.030628204346,-2.5,4
1586231400.0034,97.421775817871,36.830116271973,-2.5,4
1586231400.1106,97.041954040527,36.660568237305,-2.5,4
1586231400.2187,96.662139892578,36.491016387939,-2.5,4
1586231400.3264,96.278686523438,36.319843292236,-2.5,4
1586231400.4408,95.825843811035,36.117698669434,-2.5,4
1586231400.5495,95.446022033691,35.948146820068,-2.5,4
1586231400.6573,95.05891418457,35.775341033936,-2.5,4
1586231400.7651,94.671813964844,35.6025390625,-2.5,4
1586231400.8787,94.226257324219,35.403652191162,-2.5,4
1586231400.9864,93.850112915039,35.235744476318,-2.5,4
1586231401.0941,93.466644287109,35.064575195313,-2.5,4
1586231401.2019,93.079551696777,34.891765594482,-2.5,4
1586231401.3155,92.623054504395,34.68798828125,-2.5,4
1586231401.4242,92.228645324707,34.511932373047,-2.5,4
1586231401.5319,91.83423614502,34.335861206055,-2.5,4
1586231401.6396,91.454414367676,34.166309356689,-2.5,4
1586231401.7533,91.067306518555,33.993511199951,-2.5,4
1586231401.861,90.68384552002,33.822326660156,-2.5,4
1586231401.9698,90.234649658203,33.6217918396,-2.5,4
1586231402.0775,89.851203918457,33.450614929199,-2.5,4
1586231402.1848,89.475036621094,33.282688140869,-2.5,4
1586231402.3001,89.084251403809,33.108249664307,-2.5,4
1586231402.4079,88.64234161377,32.910991668701,-2.5,4
1586231402.5142,88.266174316406,32.743076324463,-2.5,4
1586231402.6278,87.886375427246,32.573535919189,-2.5,4
1586231402.7355,87.49925994873,32.400722503662,-2.5,4
1586231402.8442,87.046401977539,32.19856262207,-2.5,4
1586231402.9519,86.717727661133,32.051849365234,-2.5,4
1586231403.0656,87.102569580078,32.20991897583,-2.5,4
1586231403.1743,87.232109069824,32.263019561768,-2.5,4
1586231403.2821,87.232109069824,32.263019561768,-2.5,4
1586231403.3889,87.232109069824,32.263019561768,-2.5,4
1586231403.5025,87.232109069824,32.263019561768,-2.5,4
1586231403.6097,87.232109069824,32.263019561768,-2.5,4
1586231403.7175,86.775848388672,32.0788230896,-2.5,4
1586231403.8311,86.382774353027,31.919986724854,-2.5,4
1586231403.9375,85.993370056152,31.762548446655,-2.5,4
1586231404.045,85.604019165039,31.605129241943,-2.5,4
1586231404.1582,85.155319213867,31.423723220825,-2.5,4
1586231404.265,84.76594543457,31.266296386719,-2.5164136886597,4
1586231404.3726,84.388244628906,31.113803863525,-2.482170343399,4
1586231404.4873,83.92985534668,30.928995132446,-2.4402327537537,4
1586231404.596,83.545394897461,30.773986816406,-2.4051280021667,4
1586231404.7028,83.152435302734,30.615606307983,-2.3916654586792,4
1586231404.8105,82.759231567383,30.457141876221,-2.3835990428925,4
1586231404.9192,82.37345123291,30.30166053772,-2.3756844997406,4
1586231405.033,81.917198181152,30.117769241333,-2.3811779022217,4
1586231405.1406,81.528465270996,29.96315574646,-2.3354592323303,4
1586231405.2484,81.143821716309,29.811176300049,-2.2903254032135,4
1586231405.363,80.688911437988,29.631433486938,-2.2369503974915,4
1586231405.4717,80.296859741211,29.476524353027,-2.1909577846527,4
1586231405.5784,79.903953552246,29.319423675537,-2.1710305213928,4
1586231405.6852,79.502410888672,29.185354232788,-2.1682908535004,4
1586231405.8015,79.014663696289,29.124559402466,-2.1773750782013,4
1586231405.9092,78.592597961426,29.084861755371,-2.1910078525543,4
1586231406.0171,78.182304382324,29.047359466553,-2.1900274753571,4
1586231406.1247,77.768005371094,29.00971031189,-2.1889307498932,4
1586231406.2316,77.345771789551,28.971340179443,-2.1879155635834,4
1586231406.3477,76.851821899414,28.926458358765,-2.1867282390594,4
1586231406.4544,76.429100036621,28.895734786987,-2.1868958473206,4
1586231406.5621,76.008529663086,28.941486358643,-2.1987218856812,4
1586231406.6699,75.615608215332,29.074335098267,-2.216964006424,4
1586231406.7836,75.176834106445,29.26718711853,-2.2441062927246,4
1586231406.8912,74.792907714844,29.435935974121,-2.2678565979004,4
1586231406.998,74.412612915039,29.603086471558,-2.2926766872406,4
1586231407.1126,73.963333129883,29.803052902222,-2.2984890937805,4
1586231407.2215,73.576301574707,29.976198196411,-2.3036313056946,4
1586231407.3287,73.200256347656,30.144443511963,-2.3086290359497,4
1586231407.4365,72.816886901855,30.315950393677,-2.3137226104736,4
1586231407.5447,72.437164306641,30.485836029053,-2.3187687397003,4
1586231407.6594,71.994888305664,30.700319290161,-2.3264970779419,4
1586231407.7672,71.653594970703,30.94434928894,-2.3412094116211,4
1586231407.8748,71.320167541504,31.192722320557,-2.3566842079163,4
1586231407.9823,70.980392456055,31.446113586426,-2.3678493499756,4
1586231408.0981,70.589317321777,31.737722396851,-2.3815298080444,4
1586231408.2059,70.252899169922,31.988971710205,-2.3932991027832,4
1586231408.3136,69.914115905762,32.243927001953,-2.384354352951,4
1586231408.4223,69.527366638184,32.534927368164,-2.3793168067932,4
1586231408.5295,69.187171936035,32.787937164307,-2.3746509552002,4
1586231408.6442,68.831649780273,33.00365447998,-2.3658666610718,4
1586231408.7519,68.464553833008,33.223545074463,-2.3565602302551,4
1586231408.8596,68.097473144531,33.443408966064,-2.3535566329956,4
1586231408.9683,67.673095703125,33.699165344238,-2.3276689052582,4
1586231409.076,67.317535400391,33.913970947266,-2.3058950901031,4
1586231409.1897,66.958557128906,34.130847930908,-2.2904467582703,4
1586231409.2975,66.600296020508,34.347972869873,-2.2546768188477,4
1586231409.4047,66.242713928223,34.565334320068,-2.2186586856842,4
1586231409.5189,65.830657958984,34.815837860107,-2.1772611141205,4
1586231409.6266,65.469650268555,35.035259246826,-2.1409902572632,4
1586231409.7343,65.108657836914,35.254676818848,-2.1047210693359,4
1586231409.8427,64.696601867676,35.505184173584,-2.0633299350739,4
1586231409.9504,64.33903503418,35.722549438477,-2.0274000167847,4
1586231410.0641,63.980350494385,35.939109802246,-2,4
1586231410.1728,63.613014221191,36.157379150391,-2.0252134799957,4
1586231410.2795,63.245849609375,36.375232696533,-2.0553352832794,4
1586231410.3942,62.820346832275,36.627681732178,-2.0902419090271,4
1586231410.501,62.460025787354,36.841445922852,-2.1198008060455,4
1586231410.6086,62.096290588379,37.05725479126,-2.1496405601501,4
1586231410.7174,61.739421844482,37.268955230713,-2.1789152622223,4
1586231410.8251,61.327621459961,37.513217926025,-2.218594789505,4
1586231410.9388,60.960330963135,37.732456207275,-2.2154712677002,4
1586231411.0475,60.604503631592,37.946273803711,-2.1865425109863,4
1586231411.1552,60.245471954346,38.162231445313,-2.1573584079742,4
1586231411.2629,59.828315734863,38.413181304932,-2.1234526634216,4
1586231411.3776,59.472717285156,38.627090454102,-2.0945456027985,4
1586231411.4853,59.10680770874,38.847179412842,-2.0648047924042,4
1586231411.594,58.740901947021,39.067276000977,-2.0350620746613,4
1586231411.7014,58.385311126709,39.281196594238,-2.0061581134796,4
1586231411.8148,57.969833374023,39.529098510742,-2,4
1586231411.9235,57.609027862549,39.744071960449,-2,4
1586231412.0312,57.19669342041,39.989749908447,-2,4
1586231412.139,56.83243560791,40.206771850586,-2,4
1586231412.2537,56.475059509277,40.419689178467,-2,4
1586231412.3614,56.107364654541,40.638771057129,-2,4
1586231412.4701,55.694999694824,40.884437561035,-2,4
1586231412.5778,55.337631225586,41.097351074219,-2,4
1586231412.6846,54.976829528809,41.312320709229,-2,4
1586231412.8012,54.550731658936,41.566200256348,-2,4
1586231412.9089,54.189926147461,41.781181335449,-2,4
1586231413.0156,53.822017669678,41.982997894287,-2,4
1586231413.1234,53.426635742188,42.146858215332,-2,4
1586231413.2381,53.042343139648,42.306095123291,-2,4
1586231413.3466,52.595237731934,42.491348266602,-2,4
1586231413.453,52.207260131836,42.652118682861,-2,4
1586231413.5597,51.878383636475,42.788379669189,-2,4
1586231413.6762,51.423877716064,42.976707458496,-2,4
1586231413.7839,50.973068237305,43.163513183594,-2,4
1586231413.8916,50.573978424072,43.328887939453,-2,4
1586231413.9983,50.185989379883,43.489658355713,-2,4
1586231414.113,49.790603637695,43.653511047363,-2,4
1586231414.2217,49.406307220459,43.812740325928,-2,4
1586231414.3294,49.018314361572,43.973518371582,-2,4
1586231414.4371,48.574893951416,44.157215118408,-2,4
1586231414.5458,48.179508209229,44.321075439453,-2,4
1586231414.6535,47.795204162598,44.480316162109,-2,4
1586231414.7682,47.385028839111,44.65026473999,-2,4
1586231414.8759,46.993335723877,44.812568664551,-2,4
1586231414.9832,46.594257354736,44.977958679199,-2,4
1586231415.0915,46.143444061279,45.164752960205,-2,4
1586231415.2057,45.759143829346,45.32398223877,-2,4
1586231415.3135,45.319404602051,45.506149291992,-2,4
1586231415.4222,44.938793182373,45.663841247559,-2,4
1586231415.5289,44.554489135742,45.823059082031,-2,4
1586231415.6436,44.159103393555,45.986919403076,-2,4
1586231415.7513,43.715671539307,46.170635223389,-2,4
1586231415.859,43.32767868042,46.331409454346,-2,4
1586231415.9677,42.935989379883,46.493721008301,-2,4
1586231416.0754,42.559078216553,46.649864196777,-2,4
1586231416.1891,42.111961364746,46.835117340088,-2,4
1586231416.2976,41.723960876465,46.99588394165,-2,4
1586231416.4053,41.335971832275,47.15665435791,-2,4
1586231416.513,40.885150909424,47.343456268311,-2,4
1586231416.6277,40.500854492188,47.502681732178,-2,4
1586231416.7351,40.120254516602,47.660369873047,-2,4
1586231416.8433,39.673133850098,47.845623016357,-2,4
1586231416.9501,39.281440734863,48.00793838501,-2,4
1586231417.0637,38.886058807373,48.171802520752,-2,4
1586231417.1724,38.501758575439,48.331035614014,-2,4
1586231417.2802,38.054637908936,48.516277313232,-2,4
1586231417.3938,37.666645050049,48.677051544189,-2,4
1586231417.5006,37.27006149292,48.81335067749,-2,4
1586231417.608,36.859153747559,48.90026473999,-2,4
1586231417.7157,36.4482421875,48.98717880249,-2,4
1586231417.8292,35.970798492432,49.088180541992,-2,4
1586231417.9371,35.559886932373,49.175098419189,-2,4
1586231418.0457,35.145057678223,49.262825012207,-2,4
1586231418.1532,34.726329803467,49.351402282715,-2,4
1586231418.2672,34.248886108398,49.45240020752,-2,4
1586231418.3747,33.835445404053,49.524147033691,-2,4
1586231418.4812,33.425426483154,49.564247131348,-2,4
1586231418.5979,32.943737030029,49.611354827881,-2,4
1586231418.7056,32.525730133057,49.652225494385,-2,4
1586231418.8119,32.107730865479,49.693103790283,-2,4
1586231418.9202,31.688638687134,49.708076477051,-2,4
1586231419.0334,31.201307296753,49.683052062988,-2,4
1586231419.1412,30.785877227783,49.661720275879,-2,4
1586231419.249,30.370449066162,49.640396118164,-2,4
1586231419.3567,29.947023391724,49.618644714355,-2,4
1586231419.4724,29.451705932617,49.593185424805,-2,4
1586231419.5801,29.04027557373,49.572063446045,-2,4
1586231419.6878,28.628704071045,49.573173522949,-2,4
1586231419.7965,28.201393127441,49.5969581604,-2,4
1586231419.9042,27.70618057251,49.624515533447,-2,4
1586231420.0189,27.290832519531,49.64762878418,-2,4
1586231420.1266,26.86750793457,49.671180725098,-2,4
1586231420.2343,26.448171615601,49.694511413574,-2,4
1586231420.3416,25.96492767334,49.721397399902,-2,4
1586231420.4553,25.55357170105,49.744285583496,-2,4
1586231420.5626,25.126262664795,49.76806640625,-2,4
1586231420.6708,24.706924438477,49.791400909424,-2,4
1586231420.7785,24.227670669556,49.818050384521,-2,4
1586231420.8928,23.808340072632,49.841396331787,-2,4
1586231421.0001,23.381025314331,49.865188598633,-2,4
1586231421.1078,22.957696914673,49.888748168945,-2,4
1586231421.2166,22.470474243164,49.915855407715,-2,4
1586231421.3312,22.03915977478,49.939868927002,-2,4
1586231421.4389,21.623815536499,49.96297454834,-2,4
1586231421.5477,21.136581420898,49.990089416504,-2,4
1586231421.6554,20.717239379883,50.013423919678,-2,4
1586231421.7631,20.297903060913,50.036762237549,-2,4
1586231421.8778,19.870584487915,50.060546875,-2,4
1586231421.9852,19.447254180908,50.084121704102,-2,4
1586231422.0936,19.023923873901,50.107685089111,-2,4
1586231422.2009,18.600595474243,50.131248474121,-2,4
1586231422.3157,18.109369277954,50.158588409424,-2,4
1586231422.424,17.694023132324,50.181705474854,-2,4
1586231422.5317,17.2786693573,50.204822540283,-2,4
1586231422.6392,16.787446975708,50.232162475586,-2,4
1586231422.7469,16.376091003418,50.255046844482,-2,4
1586231422.8614,15.896836280823,50.281719207764,-2,4
1586231422.9697,15.477486610413,50.305061340332,-2,4
1586231423.0777,15.066123008728,50.327941894531,-2,4
1586231423.1845,14.646773338318,50.351272583008,-2,4
1586231423.3001,14.159530639648,50.378383636475,-2,4
1586231423.4068,13.744171142578,50.401496887207,-2,4
1586231423.5144,13.328816413879,50.424617767334,-2,4
1586231423.6221,12.913459777832,50.447723388672,-2,4
1586231423.7349,12.422224998474,50.475048065186,-2,4
1586231423.8432,12.002879142761,50.498378753662,-2.007657289505,4
1586231423.951,11.586223602295,50.521877288818,-1.9555752277374,4
1586231424.0656,11.154273986816,50.546295166016,-1.9015898704529,4
1586231424.1739,10.670803070068,50.573638916016,-1.8411490917206,4
1586231424.2816,10.250741958618,50.597412109375,-1.788642168045,4
1586231424.3894,9.8346433639526,50.620960235596,-1.7366304397583,4
1586231424.4971,9.4264717102051,50.644058227539,-1.6856093406677,4
1586231424.6117,8.9390382766724,50.671634674072,-1.6246886253357,4
1586231424.7195,8.5269050598145,50.694957733154,-1.573165178299,4
1586231424.8272,8.114767074585,50.718276977539,-1.5216484069824,4
1586231424.9345,7.7026300430298,50.741584777832,-1.4701392650604,4
1586231425.0512,7.2151956558228,50.769142150879,-1.4092099666595,4
1586231425.1584,6.7872018814087,50.793342590332,-1.3557108640671,4
1586231425.2661,6.3592100143433,50.817543029785,-1.3022118806839,4
1586231425.3738,5.9470710754395,50.840847015381,-1.2506867647171,4
1586231425.4881,5.4635996818542,50.868179321289,-1.1902606487274,4
1586231425.5968,5.0514602661133,50.891479492188,-1.1387429237366,4
1586231425.7044,4.6353583335876,50.915000915527,-1.0867227315903,4
1586231425.8117,4.2271838188171,50.938076019287,-1.0357084274292,4
1586231425.9204,3.7454760074615,51.019367218018,-1,4
1586231426.0281,3.3413078784943,51.133571624756,-1,4
1586231426.1429,2.9332935810089,51.248878479004,-1,4
1586231426.2498,2.5214283466339,51.36527633667,-1,4
1586231426.3575,2.1134140491486,51.480583190918,-1,4
1586231426.4662,1.7140656709671,51.609409332275,-1,4
1586231426.5805,1.2913326025009,51.858505249023,-1,4
1586231426.6872,0.97460782527924,52.127292633057,-1,4
1586231426.7959,0.71520620584488,52.452014923096,-1,4
1586231426.9095,0.42709165811539,52.840843200684,-1,4
1586231427.0162,0.17944240570068,53.175060272217,-1,4
1586231427.1239,-0.075360298156738,53.518943786621,-1,4
1586231427.2369,-0.3634929060936,53.907806396484,-1,4
1586231427.3454,-0.59188240766525,54.259517669678,-1,4
1586231427.4522,-0.75369691848755,54.642612457275,-1,4
1586231427.5595,-0.90587091445923,55.021213531494,-1,4
1586231427.6753,-1.0878798961639,55.474018096924,-1,4
1586231427.7828,-1.2460200786591,55.86742401123,-1,4
1586231427.8904,-1.3508998155594,56.273292541504,-1,4
1586231427.9982,-1.3897012472153,56.687469482422,-1,4
1586231428.1125,-1.4320513010025,57.173667907715,-1,4
1586231428.2208,-1.4685009717941,57.592121124268,-1,4
1586231428.3288,-1.5042558908463,58.002597808838,-1,4
1586231428.4362,-1.5469523668289,58.492771148682,-1,4
1586231428.5448,-1.5834010839462,58.911224365234,-1,4
1586231428.6591,-1.6195024251938,59.325687408447,-1,4
1586231428.7668,-1.6410160064697,59.744773864746,-1,4
1586231428.8742,-1.6033647060394,60.167072296143,-1,4
1586231428.982,-1.5557692050934,60.664867401123,-1,4
1586231429.0984,-1.5157923698425,61.082988739014,-1,4
1586231429.2061,-1.4758138656616,61.501106262207,-1,4
1586231429.3138,-1.4133651256561,61.992782592773,-1,4
1586231429.4222,-1.311789393425,62.404430389404,-1,4
1586231429.53,-1.2111709117889,62.812191009521,-1,4
1586231429.6378,-1.1095970869064,63.223834991455,-1,4
1586231429.7511,-1.0099447965622,63.627704620361,-1,4
1586231429.8588,-0.89303863048553,64.101470947266,-1,4
1586231429.9672,-0.79337573051453,64.505332946777,-1,4
1586231430.0814,-0.67646968364716,64.979095458984,-1,4
1586231430.189,-0.56341332197189,65.374893188477,-1,4
1586231430.2973,-0.37486842274666,65.740371704102,-1,4
1586231430.405,-0.1096523553133,66.059799194336,-1,4
1586231430.5183,0.28033572435379,66.35099029541,-1,4
1586231430.6252,0.6734117269516,66.518135070801,-1,4
1586231430.7318,1.0834668874741,66.608222961426,-1,4
1586231430.8484,1.4952682256699,66.690841674805,-1,4
1586231430.9548,1.9659061431885,66.78524017334,-1,4
1586231431.0615,2.3816289901733,66.868606567383,-1,4
1586231431.1702,2.7855863571167,66.949661254883,-1,4
1586231431.2849,2.8289747238159,67.044799804688,-1,4
1586231431.3926,3.2368574142456,67.126640319824,-1,4
1586231431.5003,3.6368989944458,67.206909179688,-1.1348900794983,4
1586231431.608,4.0974006652832,67.303260803223,-1.2618172168732,4
1586231431.7167,4.4937882423401,67.388816833496,-1.3711652755737,4
1586231431.8314,4.8901767730713,67.47437286377,-1.4455714225769,4
1586231431.9391,5.2903513908386,67.560729980469,-1.5909066200256,4
1586231432.0478,5.7509164810181,67.660110473633,-1.7179589271545,4
1586231432.1555,6.1473021507263,67.745651245117,-1.8273062705994,4
1586231432.2633,6.547465801239,67.832015991211,-1.9376964569092,4
1586231432.3775,6.9476294517517,67.918357849121,-2.0480861663818,4
1586231432.4848,7.2204947471619,67.972541809082,-2.1245200634003,4
1586231432.5935,7.019896030426,67.914642333984,-2.069349527359,4
