100,nil,nil
1587229291.7644,129.21086120605,-2.443284034729,-0.19900000095367,4
1587229291.8722,129.21086120605,-2.443284034729,-0.19900000095367,4
1587229291.9859,129.08882141113,-2.3832774162292,-0.19900000095367,4
1587229292.0946,128.71559143066,-2.1995861530304,-0.19900000095367,4
1587229292.2014,128.34616088867,-2.0172073841095,-0.19900000095367,4
1587229292.3078,127.97343444824,-1.8324812650681,-0.19900000095367,4
1587229292.4245,127.47034454346,-1.6064538955688,-0.19900000095367,4
1587229292.5313,127.06858825684,-1.4997539520264,-0.19900000095367,4
1587229292.6389,126.65967559814,-1.4523763656616,-0.19900000095367,4
1587229292.7466,126.24413299561,-1.4645742177963,-0.19900000095367,4
1587229292.8604,125.83331298828,-1.5295593738556,-0.19900000095367,4
1587229292.9686,125.42289733887,-1.5977420806885,-0.19900000095367,4
1587229293.0763,125.01615905762,-1.6633363962173,-0.19900000095367,4
1587229293.183,124.60926818848,-1.7280111312866,-0.19900000095367,4
1587229293.2988,124.06793212891,-1.8133741617203,-0.19900000095367,4
1587229293.4064,123.661277771,-1.8992320299149,-0.19900000095367,4
1587229293.5142,123.2699508667,-2.0401375293732,-0.19900000095367,4
1587229293.621,122.88405609131,-2.1844227313995,-0.19900000095367,4
1587229293.7346,122.49059295654,-2.3312680721283,-0.19900000095367,4
1587229293.8423,121.96974182129,-2.5256779193878,-0.19900000095367,4
1587229293.9485,121.58378601074,-2.6697423458099,-0.19900000095367,4
1587229294.0631,121.19407653809,-2.8151967525482,-0.19900000095367,4
1587229294.1719,120.80435943604,-2.9606564044952,-0.19900000095367,4
1587229294.2796,120.41839599609,-3.1047146320343,-0.19900000095367,4
1587229294.3871,120.02868652344,-3.2501752376556,-0.19900000095367,4
1587229294.5008,119.51155090332,-3.4431889057159,-0.19900000095367,4
1587229294.6085,119.12558746338,-3.5872433185577,-0.19900000095367,4
1587229294.7172,118.73962402344,-3.7313091754913,-0.19900000095367,4
1587229294.8249,118.34991455078,-3.8767697811127,-0.19900000095367,4
1587229294.9386,117.96019744873,-4.0222296714783,-0.19900000095367,4
1587229295.0473,117.44303894043,-4.2152452468872,-0.19900000095367,4
1587229295.1547,117.05704498291,-4.359299659729,-0.19900000095367,4
1587229295.2614,116.67105865479,-4.5033531188965,-0.19900000095367,4
1587229295.3754,116.28506469727,-4.6474123001099,-0.19900000095367,4
1587229295.4831,115.89907836914,-4.7914705276489,-0.19900000095367,4
1587229295.5914,115.5131072998,-4.9355278015137,-0.19900000095367,4
1587229295.6987,114.9997253418,-5.127121925354,-0.19900000095367,4
1587229295.812,114.60997009277,-5.272590637207,-0.19900000095367,4
1587229295.9206,114.22399139404,-5.4166383743286,-0.19900000095367,4
1587229296.0285,113.83423614502,-5.5621032714844,-0.19900000095367,4
1587229296.1423,113.45202636719,-5.7047510147095,-0.19900000095367,4
1587229296.2499,112.93863677979,-5.8963556289673,-0.19900000095367,4
1587229296.3576,112.54511260986,-6.0432319641113,-0.19900000095367,4
1587229296.4654,112.15158081055,-6.1901168823242,-0.19900000095367,4
1587229296.5791,111.75806427002,-6.3369903564453,-0.19900000095367,4
1587229296.6868,111.3683013916,-6.4824571609497,-0.19900000095367,4
1587229296.7953,110.98231506348,-6.6265029907227,-0.19900000095367,4
1587229296.9031,110.60011291504,-6.7691354751587,-0.19900000095367,4
1587229297.0158,110.08673095703,-6.9607315063477,-0.19900000095367,4
1587229297.1238,109.69382476807,-7.0967469215393,-0.19900000095367,4
1587229297.2314,109.27861022949,-7.1550116539001,-0.19900000095367,4
1587229297.34,108.86346435547,-7.1824889183044,-0.19900000095367,4
1587229297.4537,108.45232391357,-7.2097001075745,-0.19900000095367,4
1587229297.5614,108.04118347168,-7.2369117736816,-0.19900000095367,4
1587229297.6692,107.48633575439,-7.2736349105835,-0.19900000095367,4
1587229297.783,107.07917785645,-7.3005819320679,-0.19900000095367,4
1587229297.8907,106.66804504395,-7.3277950286865,-0.19900000095367,4
1587229297.9975,106.25690460205,-7.3550109863281,-0.19900000095367,4
1587229298.1051,105.84576416016,-7.3822255134583,-0.19900000095367,4
1587229298.2208,105.30288696289,-7.4181580543518,-0.19900000095367,4
1587229298.3285,104.89572906494,-7.4451069831848,-0.19900000095367,4
1587229298.4362,104.48059082031,-7.4725871086121,-0.19900000095367,4
1587229298.544,104.06946563721,-7.499801158905,-0.19900000095367,4
1587229298.6567,103.6583404541,-7.5270156860352,-0.19900000095367,4
1587229298.7644,103.1075668335,-7.4946069717407,-0.19900000095367,4
1587229298.8721,102.69278717041,-7.4628930091858,-0.19900000095367,4
1587229298.9799,102.27799987793,-7.4311790466309,-0.19900000095367,4
1587229299.0965,101.86720275879,-7.3997712135315,-0.19900000095367,4
1587229299.2039,101.45356750488,-7.3578624725342,-0.19900000095367,4
1587229299.3107,101.05632781982,-7.2369270324707,-0.19900000095367,4
1587229299.4193,100.69791412354,-7.0352110862732,-0.19900000095367,4
1587229299.5268,100.30097198486,-6.6542477607727,-0.19900000095367,4
1587229299.6404,100.05512237549,-6.3137431144714,-0.19900000095367,4
1587229299.7468,99.813941955566,-5.9797134399414,-0.19900000095367,4
1587229299.861,99.568092346191,-5.6392016410828,-0.19900000095367,4
1587229299.9697,99.32691192627,-5.3051719665527,-0.19900000095367,4
1587229300.0774,99.06005859375,-4.9870133399963,-0.19900000095367,4
1587229300.1851,98.644866943359,-4.6171936988831,-0.19900000095367,4
1587229300.2929,98.337211608887,-4.343195438385,-0.19900000095367,4
1587229300.4075,98.02954864502,-4.0691819190979,-0.19900000095367,4
1587229300.5143,97.721885681152,-3.7951707839966,-0.19900000095367,4
1587229300.6211,97.41722869873,-3.523859500885,-0.19900000095367,4
1587229300.7357,97.008003234863,-3.1594109535217,-0.19900000095367,4
1587229300.8435,96.687812805176,-2.9005389213562,-0.19900000095367,4
1587229300.9512,96.361450195313,-2.6491124629974,-0.19900000095367,4
1587229301.0586,96.031890869141,-2.3952329158783,-0.19900000095367,4
1587229301.1743,95.702331542969,-2.1413533687592,-0.19900000095367,4
1587229301.282,95.268211364746,-1.806933760643,-0.19900000095367,4
1587229301.3891,94.938667297363,-1.5530580282211,-0.19900000095367,4
1587229301.4953,94.609115600586,-1.2991861104965,-0.30099999904633,4
1587229301.6098,94.282745361328,-1.0477710962296,-0.6098610162735,4
1587229301.7185,93.953216552734,-0.79388016462326,-0.30099999904633,4
1587229301.8263,93.626838684082,-0.54241889715195,-0.10937064886093,4
1587229301.936,93.297286987305,-0.28852790594101,0,4
1587229302.0449,92.860008239746,0.048363275825977,0,4
1587229302.1579,92.530487060547,0.30224642157555,0,4
1587229302.2657,92.20726776123,0.55125862360001,0,4
1587229302.3728,91.884056091309,0.80027061700821,0,4
1587229302.48,91.554512023926,1.0541349649429,0,4
1587229302.5963,91.117225646973,1.3909956216812,0,4
1587229302.7035,90.787689208984,1.6448673009872,0,4
1587229302.8103,90.461311340332,1.8962904214859,0,4
1587229302.919,90.134941101074,2.1477208137512,0,4
1587229303.0267,89.808570861816,2.3991436958313,0,4
1587229303.1414,89.479026794434,2.6530117988586,0,4
1587229303.2487,89.146301269531,2.9093325138092,0,4
1587229303.3565,88.715377807617,3.2412991523743,0,4
1587229303.4642,88.385833740234,3.4951784610748,0,4
1587229303.578,88.056289672852,3.7490541934967,0,4
1587229303.6851,87.729934692383,4.0004734992981,0,4
1587229303.7935,87.40355682373,4.2518963813782,0,4
1587229303.9081,86.969451904297,4.5863156318665,0,4
1587229304.0158,86.643096923828,4.8377461433411,0,4
1587229304.1235,86.316734313965,5.0891690254211,0,4
1587229304.2304,85.990364074707,5.3405957221985,0,4
1587229304.339,85.667182922363,5.589569568634,0,4
1587229304.4528,85.229919433594,5.9264454841614,0,4
1587229304.5604,84.90355682373,6.1778569221497,0,4
1587229304.6692,84.577178955078,6.429283618927,0,4
1587229304.7766,84.253982543945,6.6782612800598,0,4
1587229304.89,83.924438476563,6.9321179389954,0,4
1587229304.9978,83.591720581055,7.1884388923645,0,4
1587229305.1054,83.259002685547,7.4447522163391,0,4
1587229305.2217,82.824920654297,7.7791676521301,0,4
1587229305.3294,82.495384216309,8.0330390930176,0,4
1587229305.4371,82.168998718262,8.2844858169556,0,4
1587229305.5455,81.836265563965,8.5408096313477,0,4
1587229305.6532,81.509872436523,8.7922706604004,0,4
1587229305.7677,81.075736999512,9.1267175674438,0,4
1587229305.8755,80.752510070801,9.3757295608521,0,4
1587229305.9832,80.426124572754,9.6271867752075,0,4
1587229306.0916,80.099739074707,9.8786401748657,0,4
1587229306.1993,79.767013549805,10.134971618652,0,4
1587229306.3138,79.329719543457,10.471862792969,0,4
1587229306.4222,79.006492614746,10.720871925354,0,4
1587229306.5299,78.680099487305,10.972316741943,0,4
1587229306.6376,78.353721618652,11.223767280579,0,4
1587229306.751,78.024169921875,11.477661132813,0,4
1587229306.8586,77.700950622559,11.726670265198,0,4
1587229306.9674,77.263664245605,12.063565254211,0,4
1587229307.0751,76.934097290039,12.317451477051,0,4
1587229307.1886,76.604537963867,12.571346282959,0,4
1587229307.2966,76.278160095215,12.822796821594,0,4
1587229307.4035,75.948608398438,13.076686859131,0,4
1587229307.5172,75.622230529785,13.328139305115,0,4
1587229307.624,75.184936523438,13.665037155151,0,4
1587229307.7317,74.861724853516,13.914048194885,0,4
1587229307.8391,74.532173156738,14.167941093445,0,4
1587229307.9529,74.205780029297,14.419392585754,0,4
1587229308.0595,73.87622833252,14.673281669617,0,4
1587229308.1682,73.546684265137,14.927176475525,0,4
1587229308.2823,73.109397888184,15.264067649841,0,4
1587229308.3892,72.783004760742,15.515517234802,0,4
1587229308.497,72.45344543457,15.769404411316,0,4
1587229308.6103,72.130226135254,16.018409729004,0,4
1587229308.7179,71.800674438477,16.272302627563,0,4
1587229308.8256,71.474296569824,16.52374458313,0,4
1587229308.939,71.040168762207,16.858186721802,0,4
1587229309.0477,70.71378326416,17.109632492065,0,4
1587229309.1554,70.384223937988,17.363527297974,0,4
1587229309.263,70.054672241211,17.61742401123,0,4
1587229309.3708,69.728294372559,17.868865966797,0,4
1587229309.4836,69.291000366211,18.205760955811,0,4
1587229309.5923,68.961463928223,18.459648132324,0,4
1587229309.6987,68.631904602051,18.713535308838,0,4
1587229309.8119,68.308685302734,18.962539672852,0,4
1587229309.9196,67.985481262207,19.211542129517,0,4
1587229310.0268,67.65592956543,19.465425491333,0,4
1587229310.1411,67.218643188477,19.802309036255,0,4
1587229310.2489,66.892250061035,20.05375289917,0,4
1587229310.3556,66.565864562988,20.30518913269,0,4
1587229310.464,66.236312866211,20.559078216553,0,4
1587229310.5788,65.909934997559,20.810520172119,0,4
1587229310.686,65.472633361816,21.147403717041,0,4
1587229310.7938,65.146240234375,21.398843765259,0,4
1587229310.9015,64.813522338867,21.655174255371,0,4
1587229311.0162,64.487144470215,21.906618118286,0,4
1587229311.1239,64.160758972168,22.158054351807,0,4
1587229311.2316,63.831203460693,22.41194152832,0,4
1587229311.3403,63.491668701172,22.63694190979,0,4
1587229311.454,62.974552154541,22.827165603638,0,4
1587229311.5608,62.573123931885,22.950603485107,0,4
1587229311.6685,62.179328918457,23.071676254272,-0.21933329105377,4
1587229311.7832,61.785541534424,23.192752838135,-0.30099999904633,4
1587229311.8908,61.38793182373,23.315011978149,-0.30099999904633,4
1587229311.9986,60.861625671387,23.466695785522,-0.30099999904633,4
1587229312.1055,60.455768585205,23.501148223877,-0.30099999904633,4
1587229312.2205,60.043830871582,23.506700515747,-0.21833336353302,4
1587229312.3269,59.62788772583,23.51230430603,-0.19900000095367,4
1587229312.4343,59.212425231934,23.527864456177,-0.19900000095367,4
1587229312.5496,58.678211212158,23.663003921509,-0.19900000095367,4
1587229312.6563,58.280841827393,23.786100387573,-0.19900000095367,4
1587229312.7634,57.890590667725,23.917407989502,-0.19900000095367,4
1587229312.8711,57.527770996094,24.112146377563,-0.19900000095367,4
1587229312.9858,57.16593170166,24.317451477051,-0.19900000095367,4
1587229313.0945,56.807571411133,24.520788192749,-0.19900000095367,4
1587229313.2022,56.445743560791,24.726085662842,-0.19900000095367,4
1587229313.3089,55.962142944336,25.000478744507,-0.19900000095367,4
1587229313.4176,55.600311279297,25.205780029297,-0.19900000095367,4
1587229313.5324,55.238479614258,25.411079406738,-0.19900000095367,4
1587229313.6401,54.883602142334,25.612445831299,-0.19900000095367,4
1587229313.7479,54.521778106689,25.817743301392,-0.19900000095367,4
1587229313.8555,54.177059173584,26.035583496094,-0.19900000095367,4
1587229313.9719,53.720874786377,26.339244842529,-0.19900000095367,4
1587229314.0786,53.381237030029,26.565328598022,-0.19900000095367,4
1587229314.1858,53.038272857666,26.793626785278,-0.19900000095367,4
1587229314.2946,52.695308685303,27.02193069458,-0.19900000095367,4
1587229314.4019,52.352340698242,27.250226974487,-0.19900000095367,4
1587229314.5157,51.889514923096,27.558330535889,-0.19900000095367,4
1587229314.6218,51.546543121338,27.786636352539,-0.19900000095367,4
1587229314.7296,51.203578948975,28.014932632446,-0.19900000095367,4
1587229314.8437,50.853954315186,28.247669219971,-0.19900000095367,4
1587229314.951,50.514316558838,28.473751068115,-0.19900000095367,4
1587229315.0586,50.17467880249,28.699829101563,-0.19900000095367,4
1587229315.1743,49.721828460693,29.001262664795,-0.19900000095367,4
1587229315.2821,49.37886428833,29.229560852051,-0.19900000095367,4
1587229315.3888,49.035900115967,29.457864761353,-0.19900000095367,4
1587229315.4955,48.696262359619,29.683940887451,-0.19900000095367,4
1587229315.6101,48.240085601807,29.987604141235,-0.19900000095367,4
1587229315.7179,47.89379119873,30.218128204346,-0.19900000095367,4
1587229315.8256,47.55415725708,30.444208145142,-0.19900000095367,4
1587229315.9333,47.207866668701,30.674739837646,-0.19900000095367,4
1587229316.0421,46.864902496338,30.903038024902,-0.19900000095367,4
1587229316.1567,46.518611907959,31.133556365967,-0.19900000095367,4
1587229316.264,46.062442779541,31.437217712402,-0.19900000095367,4
1587229316.3707,45.719486236572,31.665523529053,-0.30099999904633,4
1587229316.4845,45.373199462891,31.896045684814,-0.30099999904633,4
1587229316.5918,45.026908874512,32.126567840576,-0.30099999904633,4
1587229316.6989,44.677299499512,32.359310150146,-0.30099999904633,4
1587229316.8132,44.204776763916,32.591934204102,-0.30099999904633,4
1587229316.9214,43.861820220947,32.820232391357,-0.30099999904633,4
1587229317.0278,43.518863677979,33.048530578613,0,4
1587229317.1414,43.175899505615,33.276832580566,0,4
1587229317.2487,42.832935333252,33.50513458252,0,4
1587229317.3565,42.486640930176,33.735660552979,0,4
1587229317.4651,42.143684387207,33.963958740234,0,4
1587229317.5793,41.680858612061,34.272064208984,0,4
1587229317.6855,41.334575653076,34.502582550049,0,4
1587229317.7942,40.984962463379,34.735324859619,0,4
1587229317.9069,40.638679504395,34.965847015381,0,4
1587229318.0137,40.292392730713,35.196365356445,0,4
1587229318.1209,39.949432373047,35.424655914307,0,4
1587229318.2346,39.489929199219,35.730529785156,0,4
1587229318.3433,39.146968841553,35.958820343018,0,4
1587229318.4506,38.804008483887,36.187118530273,0,4
1587229318.5583,38.457721710205,36.417644500732,0,4
1587229318.6737,38.108104705811,36.650382995605,0,4
1587229318.7807,37.761814117432,36.88090133667,0,4
1587229318.8882,37.302310943604,37.18677520752,0,4
1587229319.0018,36.962673187256,37.412845611572,0,4
1587229319.1093,36.619709014893,37.641143798828,0,4
1587229319.2172,36.276748657227,37.869449615479,0,4
1587229319.3248,35.937114715576,38.09553527832,0,4
1587229319.4391,35.47095489502,38.405860900879,0,4
1587229319.5479,35.124668121338,38.636383056641,0,4
1587229319.6552,34.778381347656,38.866905212402,0,4
1587229319.7629,34.432090759277,39.097427368164,0,4
1587229319.8706,34.089126586914,39.325729370117,0,4
1587229319.9843,33.742835998535,39.556259155273,0,4
1587229320.0927,33.28666305542,39.859916687012,0,4
1587229320.199,32.943698883057,40.088222503662,0,4
1587229320.3127,32.600738525391,40.316524505615,0,4
1587229320.4208,32.257774353027,40.544822692871,0,4
1587229320.5287,31.918138504028,40.770896911621,0,4
1587229320.6409,31.461961746216,41.074562072754,0,4
1587229320.7486,31.115673065186,41.305084228516,0,4
1587229320.8558,30.769384384155,41.535598754883,0,4
1587229320.9714,30.419769287109,41.768337249756,0,4
1587229321.0786,30.073476791382,41.998847961426,0,4
1587229321.1857,29.7271900177,42.229370117188,0,4
1587229321.2945,29.37756729126,42.462108612061,0,4
1587229321.4079,28.91806602478,42.767990112305,0,4
1587229321.5152,28.57843208313,42.994064331055,0,4
1587229321.623,28.232149124146,43.224590301514,0,4
1587229321.7305,27.889188766479,43.452892303467,0,4
1587229321.8464,27.546226501465,43.681190490723,0,4
1587229321.9529,27.093376159668,43.982627868652,0,4
1587229322.0596,26.750413894653,44.210926055908,0,4
1587229322.1683,26.40744972229,44.439224243164,0,4
1587229322.2818,26.061166763306,44.669746398926,0,4
1587229322.3891,25.71820640564,44.898044586182,0,4
1587229322.4958,25.375242233276,45.12633895874,0,4
1587229322.6095,24.919065475464,45.430004119873,0,4
1587229322.718,24.569452285767,45.662750244141,0,4
1587229322.8258,24.223165512085,45.893272399902,0,4
1587229322.9331,23.876873016357,46.123790740967,0,4
1587229323.0498,23.533908843994,46.352088928223,0,4
1587229323.1574,23.184297561646,46.584823608398,0,4
1587229323.2649,22.834686279297,46.817565917969,0,4
1587229323.3726,22.375183105469,47.123443603516,0,4
1587229323.4803,22.035541534424,47.349510192871,0,4
1587229323.5964,21.695901870728,47.575592041016,0,4
1587229323.7042,21.352937698364,47.803886413574,0,4
1587229323.8107,21.006641387939,48.034408569336,0,4
1587229323.9195,20.547142028809,48.34029006958,0,4
1587229324.0271,20.19753074646,48.573028564453,0,4
1587229324.1418,19.854566574097,48.801326751709,0,4
1587229324.2495,19.514928817749,49.027400970459,0,4
1587229324.3573,19.171968460083,49.255706787109,0,4
1587229324.4649,18.822360992432,49.48844909668,0,4
1587229324.5786,18.362861633301,49.794322967529,0,4
1587229324.6857,18.023221969604,50.020397186279,0,4
1587229324.7942,17.683589935303,50.246475219727,0,4
1587229324.9069,17.343946456909,50.472545623779,0,4
1587229325.0145,17.000986099243,50.700843811035,0,4
1587229325.1217,16.541488647461,51.006725311279,0,4
1587229325.2355,16.198528289795,51.235019683838,0,4
1587229325.3442,15.855580329895,51.463325500488,0,4
1587229325.452,15.487921714783,51.638614654541,0,4
1587229325.5587,15.108068466187,51.787548065186,0,4
1587229325.6741,14.594156265259,51.98904800415,0,4
1587229325.7809,14.210585594177,52.13943862915,0,4
1587229325.8885,13.827012062073,52.289836883545,0,4
1587229325.9957,13.435997962952,52.443157196045,0,4
1587229326.1102,13.043295860291,52.565399169922,0,4
1587229326.2185,12.636428833008,52.630214691162,0,4
1587229326.3252,12.087351799011,52.717678070068,0,4
1587229326.4389,11.684436798096,52.781875610352,0,4
1587229326.546,11.277570724487,52.846691131592,0,4
1587229326.6537,10.863808631897,52.882110595703,0,4
1587229326.7661,10.447849273682,52.887702941895,0.082666665315628,4
1587229326.8734,10.035883903503,52.893241882324,0.5,4
1587229326.9802,9.4919281005859,52.900562286377,0.5,4
1587229327.0966,9.079966545105,52.906108856201,0.5,4
1587229327.204,8.6644926071167,52.921661376953,0.5,4
1587229327.3117,8.2539720535278,52.956516265869,0.5,4
1587229327.4199,7.8394627571106,52.99169921875,0.5,4
1587229327.5273,7.4169812202454,53.027557373047,0.5,4
1587229327.6411,6.862973690033,53.07458114624,0.5,4
1587229327.7489,6.4564356803894,53.109107971191,0.5,4
1587229327.8558,6.041925907135,53.144290924072,0.5,4
1587229327.9708,5.6274166107178,53.179470062256,0.5,4
1587229328.0783,5.2168927192688,53.214317321777,0.5,4
1587229328.1855,4.8063688278198,53.249164581299,0.5,4
1587229328.2933,4.2523608207703,53.296180725098,0.5,4
1587229328.4075,3.8378517627716,53.331359863281,0.5,4
1587229328.5151,3.4273281097412,53.366207122803,0.5,4
1587229328.6226,3.0088336467743,53.401718139648,0.5,4
1587229328.736,2.5983102321625,53.43656539917,0.5,4
1587229328.8447,2.1758298873901,53.472427368164,0.5,4
1587229328.9524,1.6218228340149,53.519439697266,0.5,4
1587229329.0601,1.211300611496,53.554286956787,0.5,4
1587229329.1683,0.80077856779099,53.589141845703,0.5,4
1587229329.2829,0.39025592803955,53.623989105225,0.5,4
1587229329.3907,-0.02026754617691,53.658832550049,0.5,4
1587229329.4983,-0.4347773194313,53.694007873535,0.5,4
1587229329.606,-0.98081284761429,53.74036026001,0.5,4
1587229329.722,-1.3993067741394,53.775875091553,0.5,4
1587229329.8295,-1.8138153553009,53.811046600342,0.5,4
1587229329.9369,-2.2243363857269,53.845905303955,0.5,4
1587229330.0446,-2.6348569393158,53.880756378174,0.5,4
1587229330.158,-3.1848769187927,53.927444458008,0.5,4
1587229330.2658,-3.6033709049225,53.96297454834,0.5,4
1587229330.3737,-4.0218658447266,53.998485565186,0.5,4
1587229330.4813,-4.4323863983154,54.03332901001,0.5,4
1587229330.59,-4.8429074287415,54.068183898926,0.5,4
1587229330.7038,-5.2614011764526,54.103694915771,0.5,4
1587229330.8116,-5.6719226837158,54.138549804688,0.5,4
1587229330.9203,-6.2219405174255,54.185241699219,0.5,4
1587229331.0271,-6.6324605941772,54.22008895874,0.5,4
1587229331.1417,-7.0389924049377,54.254608154297,0.5,4
1587229331.2495,-7.4495124816895,54.289459228516,0.5,4
1587229331.3572,-7.8640198707581,54.324642181396,0.5,4
1587229331.4654,-8.2745409011841,54.359485626221,0.5,4
1587229331.5792,-8.8245649337769,54.406177520752,0.5,4
1587229331.6868,-9.2311067581177,54.440704345703,0,4
1587229331.7955,-9.6495981216431,54.476215362549,0,4
1587229331.903,-10.064105033875,54.511402130127,0,4
1587229332.0167,-10.478614807129,54.546577453613,0,4
1587229332.124,-10.889140129089,54.581424713135,0,4
1587229332.2317,-11.435181617737,54.627784729004,0,4
1587229332.3395,-11.845708847046,54.662635803223,0,4
1587229332.4532,-12.260216712952,54.697811126709,0,4
1587229332.5606,-12.670744895935,54.732654571533,0,4
1587229332.6689,-13.085254669189,54.767826080322,0,4
1587229332.7766,-13.507731437683,54.803680419922,0,4
1587229332.8903,-14.053774833679,54.850036621094,0,4
1587229332.998,-14.468284606934,54.885219573975,0,4
1587229333.1058,-14.890760421753,54.921070098877,0,4
1587229333.2214,-15.301289558411,54.955917358398,0,4
1587229333.3287,-15.71978187561,54.991424560547,0,4
1587229333.4363,-16.134292602539,55.026596069336,0,4
1587229333.5448,-16.680320739746,55.0729637146,0,4
1587229333.6583,-17.086851119995,55.107494354248,0,4
1587229333.766,-17.501358032227,55.142688751221,0,4
1587229333.8738,-17.919853210449,55.178207397461,0,4
1587229333.9814,-18.334363937378,55.213390350342,0,4
1587229334.09,-18.74488067627,55.248249053955,0,4
1587229334.2036,-19.290910720825,55.294616699219,0,4
1587229334.3102,-19.70142364502,55.329475402832,0,4
1587229334.4179,-20.10795211792,55.36400604248,0,4
1587229334.5315,-20.514478683472,55.398536682129,0,4
1587229334.6384,-20.928985595703,55.433723449707,0,4
1587229334.7461,-21.343494415283,55.468910217285,0,4
1587229334.8596,-21.893510818481,55.515605926514,0,4
1587229334.9682,-22.308015823364,55.550788879395,0,4
1587229335.0757,-22.722522735596,55.585968017578,0,4
1587229335.1895,-23.129047393799,55.620502471924,0,4
1587229335.298,-23.539566040039,55.65535736084,0,4
1587229335.4056,-24.089580535889,55.702045440674,0,4
1587229335.5124,-24.496109008789,55.736568450928,0,4
1587229335.627,-24.902631759644,55.771095275879,0,4
1587229335.7348,-25.313144683838,55.805953979492,0,4
1587229335.8434,-25.727651596069,55.84114074707,0,4
1587229335.9513,-26.142158508301,55.876331329346,0,4
1587229336.058,-26.556665420532,55.911514282227,0,4
1587229336.1733,-27.106674194336,55.958206176758,-0.30099999904633,4
1587229336.28,-27.521173477173,55.993396759033,-0.5224781036377,4
1587229336.3868,-27.935674667358,56.028579711914,-0.30099999904633,4
1587229336.5004,-28.346181869507,56.06343460083,-0.30099999904633,4
1587229336.6081,-28.75669670105,56.098289489746,-0.30099999904633,4
1587229336.7156,-29.171197891235,56.133472442627,-0.30099999904633,4
1587229336.829,-29.72918510437,56.180820465088,-0.30099999904633,4
1587229336.9366,-30.135715484619,56.215351104736,-0.30099999904633,4
1587229337.0452,-30.546226501465,56.250202178955,-0.30099999904633,4
1587229337.1529,-30.960723876953,56.285385131836,-0.30099999904633,4
1587229337.2666,-31.375234603882,56.320560455322,-0.30099999904633,4
1587229337.3739,-31.921253204346,56.366924285889,-0.30099999904633,4
1587229337.481,-32.331768035889,56.401782989502,-0.30099999904633,4
1587229337.5892,-32.74303817749,56.419235229492,-0.30099999904633,4
1587229337.703,-33.154308319092,56.43669128418,-0.30099999904633,4
1587229337.8097,-33.569561004639,56.454307556152,-0.30099999904633,4
1587229337.9184,-34.120578765869,56.477691650391,-0.30099999904633,4
1587229338.0322,-34.400074005127,56.489547729492,-0.30099999904633,4
1587229338.1389,-34.950580596924,56.524417877197,-0.30099999904633,4
1587229338.2465,-35.365089416504,56.559589385986,-0.30099999904633,4
1587229338.361,-35.779594421387,56.594764709473,-0.30099999904633,4
1587229338.4688,-36.190093994141,56.629619598389,-0.30099999904633,4
1587229338.5765,-36.604598999023,56.664798736572,-0.30099999904633,4
1587229338.6838,-37.150615692139,56.711162567139,-0.30099999904633,4
1587229338.7926,-37.557136535645,56.745685577393,-0.21833324432373,4
1587229338.9059,-37.971645355225,56.780860900879,-0.30099999904633,4
1587229339.0135,-38.382160186768,56.815715789795,-0.21833324432373,4
1587229339.1212,-38.796669006348,56.850894927979,-0.053999900817871,4
1587229339.2343,-39.342681884766,56.897262573242,-0.30099999904633,4
1587229339.3426,-39.757190704346,56.932437896729,0,4
1587229339.4498,-40.171710968018,56.967613220215,0,4
1587229339.5645,-40.586223602295,57.002796173096,0,4
1587229339.6723,-40.996734619141,57.037654876709,0,4
1587229339.779,-41.407238006592,57.072505950928,0,4
1587229339.8868,-41.95325088501,57.118877410889,0,4
1587229340.0004,-42.363765716553,57.153732299805,0,4
1587229340.1082,-42.774276733398,57.188583374023,0,4
1587229340.2168,-43.188789367676,57.223762512207,0,4
1587229340.3245,-43.607280731201,57.259281158447,0,4
1587229340.4378,-44.153293609619,57.305644989014,0,4
1587229340.5465,-44.571804046631,57.341148376465,0,4
1587229340.654,-44.982318878174,57.376003265381,0,4
1587229340.7678,-45.392837524414,57.410858154297,0,4
1587229340.8754,-45.803344726563,57.445713043213,0,4
1587229340.9829,-46.213844299316,57.480567932129,0,4
1587229341.0916,-46.759853363037,57.526927947998,0,4
1587229341.1994,-47.17036819458,57.561786651611,0,4
1587229341.314,-47.576881408691,57.596313476563,0,4
1587229341.4218,-47.987384796143,57.631168365479,0,4
1587229341.5294,-48.397891998291,57.666027069092,0,4
1587229341.6371,-48.812397003174,57.701206207275,0,4
1587229341.7515,-49.362407684326,57.747886657715,0,4
1587229341.8589,-49.76891708374,57.782421112061,0,4
1587229341.9676,-50.183422088623,57.817600250244,0,4
1587229342.0752,-50.597927093506,57.85277557373,0,4
1587229342.1886,-51.020420074463,57.888614654541,0,4
1587229342.2978,-51.570434570313,57.935302734375,0,4
1587229342.4055,-51.988941192627,57.970798492432,0,4
1587229342.5123,-52.39945602417,58.005653381348,0,4
1587229342.6267,-52.809967041016,58.040512084961,0,4
1587229342.7339,-53.220481872559,58.07536315918,0,4
1587229342.8417,-53.634986877441,58.110538482666,0,4
1587229342.9493,-54.049491882324,58.14571762085,0,4
1587229343.0639,-54.599498748779,58.192409515381,0,4
1587229343.1723,-55.014003753662,58.227584838867,0,4
1587229343.2796,-55.428512573242,58.262760162354,0,4
1587229343.3868,-55.839015960693,58.297611236572,0,4
1587229343.5011,-56.249523162842,58.332462310791,0,4
1587229343.609,-56.799530029297,58.379150390625,0,4
1587229343.717,-57.210037231445,58.414009094238,0,4
1587229343.8248,-57.624549865723,58.449184417725,0,4
1587229343.9395,-58.031063079834,58.483711242676,0,4
1587229344.0482,-58.44157409668,58.518569946289,0,4
1587229344.1556,-58.852081298828,58.553428649902,0,4
1587229344.2636,-59.394081115723,58.599468231201,0,4
1587229344.3704,-59.812599182129,58.634971618652,0,4
1587229344.484,-60.231113433838,58.670471191406,0,4
1587229344.5926,-60.641620635986,58.705322265625,0,4
1587229344.7003,-61.060138702393,58.740821838379,0,4
1587229344.8081,-61.474647521973,58.775997161865,0,4
1587229344.9228,-62.028675079346,58.823009490967,0,4
1587229345.0296,-62.44718170166,58.858509063721,0,4
1587229345.136,-62.865695953369,58.894008636475,0,4
1587229345.2505,-63.276206970215,58.928855895996,0,4
1587229345.3583,-63.682693481445,58.96337890625,0,4
1587229345.466,-64.097190856934,58.99857711792,0,4
1587229345.5736,-64.507682800293,59.033447265625,0,4
1587229345.686,-65.06169128418,59.080513000488,0,4
1587229345.7937,-65.476196289063,59.115718841553,0,4
1587229345.9078,-65.890701293945,59.150928497314,0,4
1587229346.0146,-66.305183410645,59.186122894287,0,4
1587229346.1212,-66.719711303711,59.221332550049,0,4
1587229346.2349,-67.134216308594,59.256534576416,0,4
1587229346.3436,-67.684219360352,59.303253173828,0,4
1587229346.4514,-68.102714538574,59.338794708252,0,4
1587229346.5581,-68.521224975586,59.374328613281,0,4
1587229346.6745,-68.935737609863,59.409530639648,0,4
1587229346.7821,-69.346229553223,59.444393157959,0,4
1587229346.8899,-69.752723693848,59.478923797607,0,4
1587229346.9976,-70.302742004395,59.52564239502,0,4
1587229347.1054,-70.713233947754,59.560516357422,0,4
1587229347.2218,-71.123733520508,59.595386505127,0,4
1587229347.329,-71.530227661133,59.629913330078,0,4
1587229347.4353,-71.940734863281,59.664783477783,0,4
1587229347.5439,-72.359237670898,59.700328826904,0,4
1587229347.6517,-72.909248352051,59.747047424316,0,4
1587229347.7654,-73.323753356934,59.782257080078,0,4
1587229347.8728,-73.734260559082,59.817123413086,0,4
1587229347.9806,-74.148773193359,59.852333068848,0,4
1587229348.0968,-74.567283630371,59.887878417969,0,4
1587229348.2045,-74.985801696777,59.923427581787,0,4
1587229348.3117,-75.392272949219,59.957950592041,0,4
1587229348.4205,-75.942268371582,60.004657745361,0,4
1587229348.528,-76.352760314941,60.039520263672,0,4
1587229348.6418,-76.76725769043,60.074722290039,0,4
1587229348.7495,-77.185768127441,60.110271453857,0,4
1587229348.8571,-77.596267700195,60.145133972168,0,4
1587229348.9649,-78.014762878418,60.180690765381,0,4
1587229349.0795,-78.560752868652,60.227058410645,0,4
1587229349.1863,-78.967254638672,60.261573791504,0,4
1587229349.2941,-79.377754211426,60.296440124512,0,4
1587229349.4077,-79.78825378418,60.33130645752,0,4
1587229349.515,-80.202743530273,60.366508483887,0,4
1587229349.6219,-80.748741149902,60.412872314453,0,4
1587229349.7365,-81.159225463867,60.447738647461,0,4
1587229349.8448,-81.569717407227,60.482604980469,0,4
1587229349.9526,-81.988235473633,60.518157958984,0,4
1587229350.0603,-82.40274810791,60.553367614746,0,4
1587229350.1677,-82.817245483398,60.588573455811,0,4
1587229350.2813,-83.371246337891,60.635627746582,0,4
1587229350.3881,-83.781745910645,60.670490264893,0,4
1587229350.5017,-84.192237854004,60.705360412598,0,4
1587229350.6095,-84.602737426758,60.740226745605,0,4
1587229350.7182,-85.017227172852,60.775440216064,0,4
1587229350.8245,-85.427734375,60.810302734375,0,4
1587229350.9382,-85.973731994629,60.856678009033,0,4
1587229351.046,-86.388229370117,60.891883850098,0,4
1587229351.1537,-86.802726745605,60.927085876465,0,4
1587229351.2614,-87.21321105957,60.961948394775,0,4
1587229351.3737,-87.623710632324,60.996814727783,0,4
1587229351.4804,-88.030212402344,61.03133392334,0,4
1587229351.5961,-88.580215454102,61.078044891357,0,4
1587229351.7036,-88.998725891113,61.113594055176,0,4
1587229351.8106,-89.409233093262,61.148456573486,0,4
1587229351.9184,-89.819725036621,61.183326721191,0,4
1587229352.0318,-90.234237670898,61.218536376953,0,4
1587229352.1387,-90.652755737305,61.254081726074,0,4
1587229352.2454,-91.202766418457,61.300788879395,0,4
1587229352.3587,-91.613243103027,61.335655212402,0,4
1587229352.4674,-92.027732849121,61.370861053467,0,4
1587229352.5751,-92.442237854004,61.406066894531,0,4
1587229352.6888,-92.856742858887,61.441268920898,0,4
1587229352.7976,-93.402732849121,61.487640380859,0,4
1587229352.9042,-93.809226989746,61.522163391113,0,4
1587229353.011,-94.215728759766,61.556690216064,0,4
1587229353.1257,-94.622222900391,61.591209411621,0,4
1587229353.2328,-95.028709411621,61.625743865967,0,4
1587229353.3401,-95.574691772461,61.672119140625,0,4
1587229353.453,-95.989204406738,61.707324981689,0,4
1587229353.5606,-96.399696350098,61.742195129395,0,4
1587229353.6691,-96.810173034668,61.7770652771,0,4
1587229353.7766,-97.220664978027,61.811935424805,0,4
1587229353.8896,-97.766654968262,61.858306884766,0,4
1587229353.9969,-98.18115234375,61.89351272583,0,4
1587229354.1046,-98.591667175293,61.928386688232,0,4
1587229354.22,-99.002174377441,61.96325302124,0,4
1587229354.3274,-99.412673950195,61.99813079834,0,4
1587229354.4337,-99.831161499023,62.033676147461,0,4
1587229354.5493,-100.38115692139,62.080390930176,0,4
1587229354.657,-100.79566192627,62.11559677124,0,4
1587229354.7639,-101.20614624023,62.150463104248,0,4
1587229354.8711,-101.6166305542,62.185329437256,0,4
1587229354.9849,-102.02712249756,62.220199584961,0,4
1587229355.0935,-102.44565582275,62.255752563477,0,4
1587229355.2013,-102.86016082764,62.290962219238,0,4
1587229355.3086,-103.40614318848,62.337337493896,0,4
1587229355.424,-103.81663513184,62.372203826904,0,4
1587229355.5316,-104.23115539551,62.407409667969,0,4
1587229355.6385,-104.64566040039,62.44261932373,0,4
1587229355.7461,-105.06017303467,62.477825164795,0,4
1587229355.8599,-105.6061706543,62.524188995361,0,4
1587229355.9676,-106.02067565918,62.559394836426,0,4
1587229356.0742,-106.42714691162,62.59391784668,0,4
1587229356.1875,-106.83762359619,62.62878036499,0,4
1587229356.2959,-107.25087738037,62.674160003662,0,4
1587229356.4036,-107.64661407471,62.787818908691,0,4
1587229356.5164,-108.17702484131,62.954559326172,0,4
1587229356.623,-108.5777053833,63.08052444458,0,4
1587229356.7298,-108.9783706665,63.206489562988,-0.30099999904633,4
1587229356.8465,-109.37139892578,63.330055236816,-0.30099999904633,4
1587229356.9542,-109.76061248779,63.452415466309,-0.30099999904633,4
1587229357.0609,-110.29145812988,63.583106994629,-0.30099999904633,4
1587229357.1689,-110.66704559326,63.754096984863,-0.30099999904633,4
1587229357.2825,-111.02800750732,63.960910797119,-0.30099999904633,4
1587229357.3903,-111.38545227051,64.165710449219,-0.30099999904633,4
1587229357.498,-111.74290466309,64.37052154541,-0.30099999904633,4
1587229357.6057,-112.09687805176,64.573348999023,-0.21833300590515,4
1587229357.7144,-112.45433044434,64.778160095215,-0.30099999904633,4
1587229357.8282,-112.90887451172,65.096534729004,-0.30099999904633,4
1587229357.936,-113.23310852051,65.350685119629,-0.30099999904633,4
1587229358.0446,-113.5573348999,65.604827880859,-0.30099999904633,4
1587229358.1523,-113.8815612793,65.858963012695,-0.30099999904633,4
1587229358.2666,-114.20894622803,66.115577697754,-0.30099999904633,4
1587229358.3739,-114.64334869385,66.456092834473,-0.30099999904633,4
1587229358.4812,-114.97074127197,66.712707519531,-0.30099999904633,4
1587229358.5968,-115.29811859131,66.96932220459,-0.30099999904633,4
1587229358.7045,-115.62550354004,67.225921630859,-0.30099999904633,4
1587229358.8109,-115.95289611816,67.482521057129,-0.30099999904633,4
1587229358.9197,-116.28028869629,67.739112854004,-0.30099999904633,4
1587229359.0334,-116.7146987915,68.079605102539,-0.30099999904633,4
1587229359.1402,-117.04208374023,68.336219787598,-0.30099999904633,4
1587229359.2477,-117.36315155029,68.587905883789,-0.30099999904633,4
1587229359.3553,-117.69053649902,68.84449005127,-0.30099999904633,4
1587229359.4642,-118.01477813721,69.098640441895,-0.30099999904633,4
1587229359.5788,-118.34214782715,69.355239868164,-0.30099999904633,4
1587229359.6865,-118.66638183594,69.609375,-0.21833336353302,4
1587229359.7948,-119.1039276123,69.952339172363,-0.21833324432373,4
1587229359.9025,-119.42501831055,70.204025268555,-0.30099999904633,4
1587229360.0163,-119.75240325928,70.460639953613,-0.30099999904633,4
1587229360.1237,-120.25856781006,70.532867431641,0,4
1587229360.2299,-120.58280181885,70.787017822266,0,4
1587229360.3465,-121.01722717285,71.127510070801,0,4
1587229360.4533,-121.34144592285,71.381645202637,0,4
1587229360.56,-121.66250610352,71.633316040039,0,4
1587229360.6678,-121.98358917236,71.884994506836,0,4
1587229360.7819,-122.30782318115,72.139129638672,0,4
1587229360.8896,-122.73909759521,72.477172851563,0,4
1587229360.9963,-123.06332397461,72.731323242188,0,4
1587229361.1097,-123.39324951172,72.97762298584,0,4
1587229361.2183,-123.75373077393,73.185165405273,0,4
1587229361.3258,-124.11073303223,73.390701293945,0,4
1587229361.4335,-124.4642791748,73.594245910645,0,4
1587229361.5422,-124.94260406494,73.869644165039,0,4
1587229361.6569,-125.30308532715,74.077194213867,0,4
1587229361.7637,-125.66355133057,74.284744262695,0,4
1587229361.8715,-126.02402496338,74.492286682129,0,4
1587229361.9848,-126.36836242676,74.725708007813,0,4
1587229362.0935,-126.71271514893,74.959114074707,0,4
1587229362.2013,-127.16297912598,75.264312744141,0,4
1587229362.308,-127.50732421875,75.497734069824,0,4
1587229362.4237,-127.84503173828,75.726638793945,0,4
1587229362.5308,-128.18934631348,75.960029602051,0,4
1587229362.6385,-128.52708435059,76.188957214355,0,4
1587229362.7457,-128.98068237305,76.496429443359,0,4
1587229362.8604,-129.32499694824,76.729835510254,0,4
1587229362.9682,-129.66603088379,76.960998535156,0,4
1587229363.0758,-130.00706481934,77.192169189453,0,4
1587229363.1895,-130.34809875488,77.423324584961,0,4
1587229363.2982,-130.80502319336,77.733070373535,0,4
1587229363.4059,-131.14938354492,77.966468811035,0,4
1587229363.5136,-131.49371337891,78.199867248535,0,4
1587229363.6209,-131.83474731445,78.431030273438,0,4
1587229363.7347,-132.17578125,78.662185668945,0,4
1587229363.8435,-132.51350402832,78.891098022461,0,4
1587229363.9512,-132.9704284668,79.200813293457,0,4
1587229364.0585,-133.31475830078,79.434211730957,0,4
1587229364.1673,-133.65580749512,79.665374755859,0,4
1587229364.2808,-134.0001373291,79.898780822754,0,4
1587229364.3881,-134.34118652344,80.129943847656,0,4
1587229364.5013,-134.68223571777,80.361106872559,0,4
1587229364.6079,-135.1424407959,80.673080444336,0,4
1587229364.7166,-135.48675537109,80.906494140625,0,4
1587229364.8234,-135.82447814941,81.13542175293,0,4
1587229364.9371,-136.16551208496,81.366577148438,-0.30099999904633,4
1587229365.0459,-136.50981140137,81.599983215332,-0.21833336353302,4
1587229365.1536,-136.85415649414,81.833389282227,-0.30099999904633,4
1587229365.2612,-137.19848632813,82.066787719727,-0.30099999904633,4
1587229365.3747,-137.65870666504,82.378746032715,-0.30099999904633,4
1587229365.4825,-138.00303649902,82.612159729004,-0.30099999904633,4
1587229365.5912,-138.34407043457,82.843322753906,-0.30099999904633,4
1587229365.699,-138.68182373047,83.072250366211,-0.30099999904633,4
1587229365.8126,-139.13873291016,83.381965637207,-0.30099999904633,4
1587229365.921,-139.48306274414,83.615356445313,-0.30099999904633,4
1587229366.0282,-139.82081604004,83.844284057617,-0.30099999904633,4
1587229366.1418,-140.16184997559,84.07544708252,-0.30099999904633,4
1587229366.2496,-140.4995880127,84.30436706543,-0.30099999904633,4
1587229366.3568,-140.84062194824,84.535545349121,-0.30099999904633,4
1587229366.4643,-141.29425048828,84.84302520752,-0.30099999904633,4
1587229366.5789,-141.63529968262,85.074195861816,-0.21833336353302,4
1587229366.6856,-141.9796295166,85.307601928711,-0.19900000095367,4
1587229366.7942,-142.32398986816,85.541007995605,-0.19900000095367,4
1587229366.9019,-142.66831970215,85.774421691895,-0.19900000095367,4
1587229367.0167,-143.01268005371,86.007827758789,-0.19900000095367,4
1587229367.1244,-143.46961975098,86.317535400391,-0.19900000095367,4
1587229367.2322,-143.81396484375,86.550956726074,-0.19900000095367,4
1587229367.3399,-144.16160583496,86.786598205566,-0.19900000095367,4
1587229367.4546,-144.5026550293,87.017761230469,-0.19900000095367,4
1587229367.5609,-144.84370422363,87.248924255371,-0.19900000095367,4
1587229367.6695,-145.18803405762,87.48233795166,-0.19900000095367,4
1587229367.7773,-145.52578735352,87.71125793457,-0.2183336019516,4
1587229367.8906,-145.97608947754,88.016487121582,-0.30099999904633,4
1587229367.9981,-146.31713867188,88.247650146484,-0.30099999904633,4
1587229368.1053,-146.67181396484,88.445289611816,-0.30099999904633,4
1587229368.2141,-147.03656005859,88.608184814453,-0.30099999904633,4
1587229368.3287,-147.4868927002,88.913421630859,-0.054000735282898,4
1587229368.4364,-147.71534729004,89.068267822266,0,4
1587229368.5438,-148.16569519043,89.373512268066,0,4
1587229368.6515,-148.50674438477,89.604675292969,0,4
1587229368.7651,-148.85104370117,89.838081359863,0,4
1587229368.8728,-149.19868469238,90.073722839355,0,4
1587229368.9806,-149.65226745605,90.381202697754,0,4
1587229369.0893,-149.99659729004,90.614608764648,0,4
1587229369.2041,-150.33763122559,90.845771789551,0,4
1587229369.3108,-150.67868041992,91.076934814453,0,4
1587229369.4195,-151.02299499512,91.310333251953,0,4
1587229369.5268,-151.36401367188,91.541496276855,0,4
1587229369.6415,-151.81764221191,91.848960876465,0,4
1587229369.7487,-152.15538024902,92.077896118164,0,4
1587229369.8564,-152.49971008301,92.311279296875,0,4
1587229369.9654,-152.84072875977,92.542434692383,0,4
1587229370.079,-153.18174743652,92.773590087891,0,4
1587229370.1861,-153.63865661621,93.083290100098,0,4
1587229370.2941,-153.97639465332,93.312225341797,0,4
1587229370.4084,-154.31744384766,93.54337310791,0,4
1587229370.5157,-154.66174316406,93.776779174805,0,4
1587229370.6234,-155.00605773926,94.01016998291,0,4
1587229370.7307,-155.34155273438,94.262367248535,0,4
1587229370.8394,-155.66786193848,94.520355224609,0,4
1587229370.9531,-156.09770202637,94.860214233398,0,4
1587229371.06,-156.42088317871,95.115753173828,0,4
1587229371.1676,-156.74406433105,95.371269226074,0,4
1587229371.2824,-157.06723022461,95.626792907715,0,4
1587229371.3891,-157.4970703125,95.966651916504,0,4
1587229371.4959,-157.82022094727,96.222175598145,0,4
1587229371.6094,-158.1434173584,96.477714538574,0,4
1587229371.7179,-158.46974182129,96.735710144043,0,4
1587229371.825,-158.79292297363,96.991233825684,0,4
1587229371.9387,-159.12231445313,97.251686096191,0,4
1587229372.0474,-159.55836486816,97.596488952637,0,4
1587229372.1546,-159.87841796875,97.849540710449,0,4
1587229372.2616,-160.22207641602,98.082824707031,0,4
1587229372.3763,-160.58567810059,98.29313659668,0,4
1587229372.484,-160.94580078125,98.501434326172,0,4
1587229372.5928,-161.30589294434,98.709739685059,0,4
1587229372.7005,-161.66249084473,98.916015625,0,4
1587229372.8077,-162.14030456543,99.192428588867,0,4
1587229372.9244,-162.4969329834,99.398742675781,0,4
1587229373.032,-162.85704040527,99.607032775879,0,4
1587229373.1396,-163.21365356445,99.813323974609,0,4
1587229373.2474,-163.57028198242,100.01962280273,0,4
1587229373.3548,-164.06976318359,100.24082183838,0,4
1587229373.4706,-164.47018432617,100.33777618408,0,4
1587229373.5768,-164.87059020996,100.434715271,0,4
1587229373.6835,-165.27484130859,100.53263092041,0,4
1587229373.7997,-165.67523193359,100.62957000732,0,4
1587229373.907,-166.20391845703,100.75756835938,0,4
1587229374.0138,-166.60820007324,100.85547637939,0,4
1587229374.1205,-167.01246643066,100.95338439941,0,4
1587229374.2342,-167.41285705566,101.05033111572,0,4
1587229374.3424,-167.82238769531,101.08829498291,0,4
1587229374.4498,-168.22982788086,101.06729888916,0,4
1587229374.5646,-168.7770690918,101.03911590576,0,4
1587229374.6732,-169.19250488281,101.01770782471,0,4
1587229374.781,-169.60458374023,100.96631622314,0,4
1587229374.8887,-169.99586486816,100.82712554932,0,4
1587229374.9955,-170.35995483398,100.63433074951,0,4
1587229375.1088,-170.8549041748,100.37215423584,0,4
1587229375.2166,-171.2190246582,100.17935943604,0,4
1587229375.3233,-171.59024047852,100.20101165771,0,4
1587229375.4366,-171.95434570313,100.00820922852,0,4
1587229375.5453,-172.3219909668,99.813522338867,0,4
1587229375.6531,-172.6861114502,99.620727539063,0,4
1587229375.7667,-173.17747497559,99.553436279297,0,4
1587229375.8737,-173.54225158691,99.371253967285,0,4
1587229375.981,-173.92625427246,99.233528137207,0,4
1587229376.0897,-174.31776428223,99.093017578125,0,4
1587229376.2034,-174.6810760498,98.900329589844,0,4
1587229376.3097,-174.99761962891,98.63151550293,0,4
1587229376.4173,-175.24635314941,98.303970336914,0,4
1587229376.5308,-175.45928955078,97.79663848877,0,4
1587229376.6384,-175.5478515625,97.39427947998,0,4
1587229376.7461,-175.63641357422,96.991920471191,0,4
1587229376.8608,-175.72579956055,96.585655212402,0,4
1587229376.9693,-175.84356689453,96.050476074219,0,4
1587229377.0758,-175.93211364746,95.648124694824,0,4
1587229377.1897,-176.0206451416,95.245735168457,0,4
1587229377.2983,-176.10917663574,94.843368530273,0,4
1587229377.406,-176.19773864746,94.44100189209,0.082666665315628,4
1587229377.5128,-176.28540039063,94.042518615723,0.5,4
1587229377.6265,-176.40316772461,93.507331848145,0.74699991941452,4
1587229377.7341,-176.49085998535,93.108871459961,1,4
1587229377.8425,-176.5793762207,92.706512451172,1.0826666355133,4
1587229377.9499,-176.66876220703,92.300254821777,1.2469998598099,4
1587229378.0641,-176.75817871094,91.893981933594,1.5,4
1587229378.1722,-176.8759765625,91.35880279541,1.992999792099,4
1587229378.279,-176.96534729004,90.952537536621,2,4
1587229378.3869,-177.05473327637,90.546279907227,2.2470002174377,4
1587229378.501,-177.1441192627,90.140007019043,2.5,4
1587229378.6086,-177.23439025879,89.729835510254,2.5,4
1587229378.7174,-177.32377624512,89.323554992676,2.9929995536804,4
1587229378.8251,-177.41148376465,88.925102233887,3,4
1587229378.9328,-177.52926635742,88.389938354492,3.4929995536804,4
1587229379.0485,-177.61865234375,87.983665466309,3.5,4
1587229379.1563,-177.70803833008,87.57740020752,3.5,4
1587229379.2639,-177.79573059082,87.17894744873,3.9929990768433,4
1587229379.3716,-177.88343811035,86.780487060547,4,4
1587229379.4853,-178.00035095215,86.249198913574,4,4
1587229379.5941,-178.08804321289,85.850746154785,4,4
1587229379.7018,-178.17657470703,85.448371887207,4,4
1587229379.8092,-178.26512145996,85.045997619629,4,4
1587229379.9178,-178.35282897949,84.647537231445,4,4
1587229380.0325,-178.47143554688,84.108444213867,4,4
1587229380.1397,-178.55912780762,83.709999084473,4,4
1587229380.2474,-178.64849853516,83.303718566895,4,4
1587229380.3551,-178.73706054688,82.901351928711,4,4
1587229380.4718,-178.82559204102,82.498985290527,4,4
1587229380.5795,-178.94422912598,81.959899902344,4,4
1587229380.6872,-179.03364562988,81.55362701416,4,4
1587229380.7959,-179.12133789063,81.155174255371,4,4
1587229380.9027,-179.21156311035,80.744987487793,4,4
1587229381.0174,-179.30181884766,80.334831237793,4,4
1587229381.1251,-179.39036560059,79.932472229004,4,4
1587229381.2328,-179.4797668457,79.526191711426,4,4
1587229381.3415,-179.59924316406,78.983200073242,4,4
1587229381.4491,-179.68696594238,78.584739685059,4,4
1587229381.5628,-179.77551269531,78.18238067627,4,4
1587229381.6713,-179.86491394043,77.77611541748,4,4
1587229381.7776,-179.95433044434,77.369842529297,4,4
1587229381.8918,-180.07127380371,76.838539123535,4,4
1587229381.9981,-180.15896606445,76.440071105957,4,4
1587229382.1058,-180.24838256836,76.033805847168,4,4
1587229382.2211,-180.33609008789,75.63533782959,4,4
1587229382.3288,-180.42462158203,75.232948303223,4,4
1587229382.4366,-180.5432434082,74.693862915039,4,4
1587229382.5453,-180.63265991211,74.287590026855,4,4
1587229382.6526,-180.72207641602,73.881309509277,4,4
1587229382.7661,-180.81062316895,73.478950500488,4,4
1587229382.8738,-180.89916992188,73.07657623291,4,4
1587229382.9816,-180.9877166748,72.674217224121,4,4
1587229383.0902,-181.07716369629,72.267944335938,4,4
1587229383.2039,-181.19581604004,71.728851318359,4,4
1587229383.3117,-181.28436279297,71.326484680176,4,4
1587229383.4191,-181.28163146973,71.325859069824,4,4
1587229383.5268,-181.38626098633,71.697799682617,4,4
1587229383.6409,-181.68731689453,71.946380615234,4,4
1587229383.7482,-182.01995849609,72.194892883301,4,4
1587229383.8551,-182.36051940918,72.62678527832,4,4
1587229383.9699,-182.67230224609,72.856704711914,4,4
1587229384.0762,-183.01098632813,73.082984924316,4,4
1587229384.1838,-183.41847229004,73.06217956543,4,4
1587229384.2925,-183.83030700684,73.051277160645,4,4
1587229384.4072,-184.38221740723,73.043266296387,4,4
1587229384.5149,-184.79411315918,73.038017272949,4,4
1587229384.6226,-185.20602416992,73.032768249512,4,4
1587229384.7363,-185.61793518066,73.02751159668,4,4
1587229384.845,-186.16580200195,73.020530700684,4,4
1587229384.9528,-186.5777130127,73.015266418457,4,4
1587229385.0595,-186.99365234375,73.009941101074,4,4
1587229385.1672,-187.40960693359,73.004608154297,4,4
1587229385.2806,-187.81748962402,72.99942779541,4,4
1587229385.3882,-188.22940063477,72.994163513184,4,4
1587229385.5021,-188.77726745605,72.987167358398,4,4
1587229385.6093,-189.18919372559,72.981903076172,4,4
1587229385.7183,-189.60111999512,72.976638793945,4,4
1587229385.8258,-190.02110290527,72.971260070801,4,4
1587229385.9335,-190.42897033691,72.966064453125,4,4
1587229386.05,-190.98091125488,72.959022521973,4,4
1587229386.1576,-191.39685058594,72.953704833984,4,4
1587229386.2651,-191.80876159668,72.948463439941,4,4
1587229386.3729,-192.22473144531,72.943145751953,4,4
1587229386.4806,-192.6446685791,72.937789916992,4,4
1587229386.589,-193.05253601074,72.932594299316,4,4
1587229386.7027,-193.4644317627,72.927352905273,4.2469992637634,4
1587229386.8089,-194.0163269043,72.920295715332,4.5,4
1587229386.9247,-194.42419433594,72.91512298584,4.5,4
1587229387.0317,-194.83605957031,72.909866333008,4.9930005073547,4
1587229387.1392,-195.24797058105,72.904609680176,5,4
1587229387.246,-195.65585327148,72.899436950684,5.4930000305176,4
1587229387.3596,-196.20375061035,72.892440795898,5.5,4
1587229387.4683,-196.6197052002,72.887107849121,5.9930000305176,4
1587229387.5756,-197.02758789063,72.881912231445,6,4
1587229387.6836,-197.43948364258,72.876647949219,6.2470006942749,4
1587229387.7999,-197.98332214355,72.869720458984,6.5,4
1587229387.9066,-198.39526367188,72.864456176758,6.582667350769,4
1587229388.014,-198.8072052002,72.859214782715,7,4
1587229388.1217,-199.22724914551,72.85383605957,7,4
1587229388.2361,-199.63919067383,72.848594665527,7.4930014610291,4
1587229388.3448,-200.05111694336,72.843338012695,7.5,4
1587229388.451,-200.46710205078,72.838020324707,7.7470011711121,4
1587229388.5587,-201.01498413086,72.831031799316,8,4
1587229388.6672,-201.42691040039,72.82576751709,8,4
1587229388.781,-201.8469543457,72.820365905762,8,4
1587229388.8886,-202.26699829102,72.814964294434,8,4
1587229388.9963,-202.68298339844,72.809631347656,8,4
1587229389.111,-203.09901428223,72.804298400879,8,4
1587229389.2197,-203.65505981445,72.797164916992,8,4
1587229389.3266,-204.07106018066,72.791831970215,8,4
1587229389.4344,-204.48706054688,72.786514282227,8,4
1587229389.5429,-204.90306091309,72.781196594238,8,4
1587229389.6566,-205.31097412109,72.775985717773,8,4
1587229389.7628,-205.72291564941,72.77074432373,8,4
1587229389.8764,-206.27485656738,72.763679504395,8,4
1587229389.9841,-206.69085693359,72.758346557617,8,4
1587229390.0928,-207.1068572998,72.75301361084,8,4
1587229390.2006,-207.51472473145,72.747833251953,8,4
1587229390.3083,-207.93072509766,72.74250793457,8,4
1587229390.425,-208.48675537109,72.735404968262,8,4
1587229390.5327,-208.89465332031,72.730209350586,8,4
1587229390.6395,-209.30657958984,72.724945068359,8,4
1587229390.7458,-209.71447753906,72.719749450684,8,4
1587229390.8594,-210.1263885498,72.714485168457,8,4
1587229390.9668,-210.53271484375,72.650604248047,8,4
1587229391.0744,-210.91957092285,72.499557495117,8,4
1587229391.1886,-211.3595123291,72.182556152344,8,4
1587229391.2975,-211.64582824707,71.886291503906,8,4
1587229391.4042,-211.93217468262,71.590019226074,8,4
1587229391.5175,-212.21849060059,71.293731689453,8,4
1587229391.625,-212.50482177734,70.99747467041,8,4
1587229391.7327,-212.89398193359,70.59481048584,8,4
1587229391.8414,-213.18305969238,70.29566192627,8,4
1587229391.9489,-213.47215270996,69.996566772461,8,4
1587229392.0636,-213.75846862793,69.700302124023,8,4
1587229392.172,-214.0717010498,69.420524597168,8,4
1587229392.2788,-214.37892150879,69.146026611328,8,4
1587229392.3864,-214.6861114502,68.871566772461,8,4
1587229392.5011,-215.1007232666,68.501167297363,8,4
1587229392.6089,-215.40492248535,68.22932434082,8,4
1587229392.7175,-215.71215820313,67.954849243164,8,4
1587229392.8248,-216.01936340332,67.680374145508,8,4
1587229392.9401,-216.32963562012,67.403213500977,8,4
1587229393.0489,-216.74127197266,67.035446166992,8,4
1587229393.1563,-217.04847717285,66.760971069336,8,4
1587229393.2668,-217.35868835449,66.483856201172,8,4
1587229393.374,-217.6658782959,66.209342956543,8,4
1587229393.4812,-217.97909545898,65.929595947266,8,4
1587229393.5899,-218.28935241699,65.652473449707,8,4
1587229393.7045,-218.70698547363,65.279434204102,8,4
1587229393.8119,-219.01722717285,65.002319335938,8,4
1587229393.9206,-219.33047485352,64.722534179688,8,4
1587229394.0274,-219.63464355469,64.450698852539,8,4
1587229394.1411,-219.94486999512,64.173583984375,8,4
1587229394.2478,-220.2520904541,63.899085998535,8,4
1587229394.3554,-220.5623626709,63.621971130371,8,4
1587229394.4641,-220.97700500488,63.251571655273,8,4
1587229394.5769,-221.28422546387,62.977081298828,8,4
1587229394.6846,-221.59144592285,62.702606201172,8,4
1587229394.7991,-221.90165710449,62.425468444824,8,4
1587229394.9067,-222.21189880371,62.148330688477,8,4
1587229395.0144,-222.62351989746,61.780624389648,8,4
1587229395.1211,-222.93371582031,61.50350189209,8,4
1587229395.2348,-223.24092102051,61.229019165039,8,4
1587229395.3434,-223.54510498047,60.957176208496,8,4
1587229395.45,-223.8553314209,60.680061340332,8,4
1587229395.5636,-224.16255187988,60.405586242676,8,4
1587229395.6723,-224.57720947266,60.035209655762,8,4
1587229395.7795,-224.88439941406,59.760704040527,8,4
1587229395.8864,-225.19462585449,59.483581542969,8,4
1587229396.0001,-225.50184631348,59.209106445313,8,4
1587229396.1068,-225.81205749512,58.931968688965,8,4
1587229396.2155,-226.12226867676,58.654853820801,8,4
1587229396.329,-226.53692626953,58.284477233887,8,4
1587229396.4357,-226.84111022949,58.012619018555,8,4
1587229396.544,-227.14833068848,57.738143920898,8,4
1587229396.6517,-227.35414123535,57.55428314209,8,4
1587229396.7649,-227.78370666504,57.170562744141,8,4
1587229396.8726,-228.08790588379,56.898727416992,8,4
1587229396.9803,-228.39811706543,56.621612548828,8,4
1587229397.089,-228.80973815918,56.253890991211,8,4
1587229397.2028,-229.11392211914,55.982055664063,8,4
1587229397.31,-229.42114257813,55.707588195801,8,4
1587229397.4187,-229.7283782959,55.43310546875,8,4
1587229397.5334,-230.14002990723,55.065383911133,8,4
1587229397.6401,-230.45024108887,54.788261413574,8,4
1587229397.7466,-230.75743103027,54.51375579834,8,4
1587229397.8606,-231.06767272949,54.236633300781,8,4
1587229397.9683,-231.3748626709,53.962158203125,8,4
1587229398.076,-231.68507385254,53.685043334961,8,4
1587229398.1836,-231.99226379395,53.410575866699,8,4
1587229398.2925,-232.40390014648,53.042831420898,8,4
1587229398.4063,-232.70808410645,52.770973205566,8,4
1587229398.5139,-233.01528930664,52.49649810791,8,4
1587229398.6207,-233.32553100586,52.219383239746,8,4
1587229398.7343,-233.62971496582,51.947532653809,8,4
1587229398.8425,-234.04133605957,51.579803466797,8,4
1587229398.9488,-234.34553527832,51.307975769043,8,4
1587229399.063,-234.65574645996,51.030853271484,8,4
1587229399.1717,-234.96296691895,50.756385803223,8,4
1587229399.2785,-235.27319335938,50.479232788086,8,4
1587229399.3928,-235.68180847168,50.114135742188,8,4
1587229399.5005,-235.9920501709,49.837020874023,8,4
1587229399.6082,-236.34164428711,49.605667114258,8,4
1587229399.7169,-236.70794677734,49.400245666504,8,4
1587229399.8247,-237.07426452637,49.19482421875,8,4
1587229399.9383,-237.43353271484,48.993286132813,8,4
1587229400.047,-237.79286193848,48.791728973389,8,4
1587229400.1547,-238.15563964844,48.588245391846,8,4
1587229400.2624,-238.6335144043,48.320194244385,8,4
1587229400.3762,-238.99281311035,48.118671417236,8,4
1587229400.4838,-239.35209655762,47.917133331299,8,4
1587229400.5919,-239.71141052246,47.715595245361,8,4
1587229400.699,-240.07423400879,47.51208114624,8,4
1587229400.8128,-240.55558776855,47.242076873779,8,4
1587229400.9214,-240.91137695313,47.042453765869,8,4
1587229401.0282,-241.27767944336,46.837043762207,8,4
1587229401.1426,-241.6369934082,46.63550567627,8,4
1587229401.2496,-241.99629211426,46.433944702148,8,4
1587229401.3567,-242.35563659668,46.232410430908,8,4
1587229401.4645,-242.8335723877,45.964321136475,8,4
1587229401.5781,-243.19639587402,45.760856628418,8,4
1587229401.6857,-243.55569458008,45.55931854248,8,4
1587229401.7941,-243.92204284668,45.353881835938,8,4
1587229401.9078,-244.27781677246,45.154262542725,7.8326663970947,4
1587229402.0145,-244.75219726563,44.888103485107,7.581666469574,4
1587229402.1212,-245.11502075195,44.684638977051,7.5,4
1587229402.235,-245.4778137207,44.481155395508,7.25,4
1587229402.3427,-245.83360290527,44.281551361084,7,4
1587229402.4504,-246.19641113281,44.07804107666,7,4
1587229402.5587,-246.55923461914,43.87455368042,7,4
