230,nil,nil
1585902953.0693,161,161,-2,4
1585902953.1701,160.9089050293,160.8990020752,-2,4
1585902953.2848,160.57684326172,160.53051757813,-2,4
1585902953.3926,160.2878112793,160.20935058594,-2,4
1585902953.5004,160.0069732666,159.8971862793,-2,4
1585902953.6076,159.72850036621,159.58808898926,-2,4
1585902953.7221,159.40562438965,159.23838806152,-2,4
1585902953.8308,159.1146697998,158.93542480469,-2,4
1585902953.9385,158.82398986816,158.64360046387,-2,4
1585902954.0462,158.52337646484,158.34451293945,-2,4
1585902954.159,158.1728515625,157.99353027344,-2,4
1585902954.2657,157.87330627441,157.68768310547,-2,4
1585902954.3745,157.61395263672,157.36756896973,-2,4
1585902954.4881,157.33793640137,157.02484130859,-2,4
1585902954.5958,157.07325744629,156.69877624512,-2,4
1585902954.7035,156.76397705078,156.3212890625,-2,4
1585902954.8112,156.49383544922,155.99447631836,-2,4
1585902954.9249,156.22436523438,155.67753601074,-2,4
1585902955.0322,155.95079040527,155.35876464844,-2,4
1585902955.1397,155.67546081543,155.03625488281,-2,4
1585902955.2485,155.36218261719,154.66226196289,-2,4
1585902955.3634,155.14186096191,154.30528259277,-2,4
1585902955.4697,154.95559692383,153.92883300781,-2,4
1585902955.5785,154.73271179199,153.48577880859,-2,4
1585902955.6923,154.5626373291,153.10664367676,-2,4
1585902955.8,154.45668029785,152.70492553711,-2,4
1585902955.9076,154.41749572754,152.28318786621,-2,4
1585902956.0154,154.44540405273,151.86056518555,-2,4
1585902956.1241,154.56471252441,151.37577819824,-2,4
1585902956.2389,154.73519897461,150.99682617188,-2,4
1585902956.3465,154.96784973145,150.65257263184,-2,4
1585902956.4552,155.30490112305,150.3060760498,-2,4
1585902956.562,155.61323547363,150.02682495117,-2,4
1585902956.6756,155.9216003418,149.74168395996,-2,4
1585902956.7833,156.22973632813,149.45626831055,-2,4
1585902956.8911,156.59425354004,149.11990356445,-2,4
1585902956.9988,156.90083312988,148.83871459961,-2,4
1585902957.1125,157.21699523926,148.55627441406,-2,4
1585902957.2201,157.52554321289,148.28312683105,-2,4
1585902957.3285,157.89918518066,147.95080566406,-2,4
1585902957.4362,158.17068481445,147.69657897949,-2,4
1585902957.5491,158.51181030273,147.35874938965,-2,4
1585902957.6568,158.81060791016,147.06358337402,-2,4
1585902957.7705,159.13261413574,146.69744873047,-2,4
1585902957.8782,159.3934173584,146.3784942627,-2,4
1585902957.9859,159.66258239746,146.0509185791,-2,4
1585902958.0937,159.93287658691,145.72427368164,-2,4
1585902958.2014,160.20199584961,145.40182495117,-2,4
1585902958.3158,160.52571105957,145.02603149414,-2,4
1585902958.4236,160.80160522461,144.70936584473,-2,4
1585902958.5303,161.06492614746,144.38757324219,-2,4
1585902958.6449,161.34365844727,143.98216247559,-2,4
1585902958.7527,161.58027648926,143.64004516602,-2,4
1585902958.8589,161.82255554199,143.29211425781,-2,4
1585902958.9736,162.06576538086,142.94476318359,-2,4
1585902959.082,162.30987548828,142.60304260254,-2,4
1585902959.1897,162.59976196289,142.2054901123,-2,4
1585902959.2975,162.84405517578,141.86874389648,-2,4
1585902959.4048,163.08666992188,141.53573608398,-2,4
1585902959.5195,163.37733459473,141.13879394531,-2,4
1585902959.6284,163.62646484375,140.80062866211,-2,4
1585902959.7351,163.87879943848,140.4598236084,-2,4
1585902959.8428,164.12953186035,140.12284851074,-2,4
1585902959.9584,164.42192077637,139.73213195801,-2,4
1585902960.0652,164.65310668945,139.39158630371,-2,4
1585902960.1719,164.8473815918,139.01930236816,-2,4
1585902960.2795,165.03796386719,138.65408325195,-2,4
1585902960.3942,165.25817871094,138.2099609375,-2,4
1585902960.5029,165.38436889648,137.80570983887,-2,4
1585902960.6097,165.44235229492,137.3983001709,-2,4
1585902960.7173,165.43461608887,136.97082519531,-2,4
1585902960.834,165.3434753418,136.49211120605,-2,4
1585902960.9409,165.19500732422,136.09106445313,-2,4
1585902961.0476,164.99127197266,135.72413635254,-2,4
1585902961.1553,164.77380371094,135.37892150879,-2,4
1585902961.2699,164.51721191406,134.9637298584,-2,4
1585902961.3774,164.26223754883,134.62559509277,-2,4
1585902961.4837,163.9635925293,134.32458496094,-2,4
1585902961.5973,163.66452026367,134.02973937988,-2,4
1585902961.7056,163.3215637207,133.68801879883,-2,4
1585902961.8134,163.01579284668,133.38270568848,-2,4
1585902961.921,162.71836853027,133.08601379395,-2,4
1585902962.0347,162.42353820801,132.79243469238,-2,4
1585902962.1424,162.09024047852,132.43626403809,-2,4
1585902962.2511,161.82235717773,132.12315368652,-2,4
1585902962.3579,161.54875183105,131.8045501709,-2,4
1585902962.4715,161.27656555176,131.48986816406,-2,4
1585902962.5802,160.95292663574,131.12455749512,-2,4
1585902962.6871,160.6767578125,130.81886291504,-2,4
1585902962.8007,160.40110778809,130.51263427734,-2,4
1585902962.9081,160.06895446777,130.14431762695,-2,4
1585902963.0158,159.78443908691,129.82998657227,-2,4
1585902963.1235,159.50205993652,129.51916503906,-2,4
1585902963.2367,159.21907043457,129.20878601074,-2,4
1585902963.3435,158.93551635742,128.89891052246,-2,4
1585902963.4521,158.64869689941,128.58656311035,-2,4
1585902963.5669,158.31256103516,128.22186279297,-2,4
1585902963.6746,158.02996826172,127.9164352417,-2,4
1585902963.7823,157.7414855957,127.60577392578,-2,4
1585902963.89,157.41320800781,127.24481964111,-2,4
1585902963.9987,157.15307617188,126.91509246826,-2,4
1585902964.1124,156.89474487305,126.58911895752,-2,4
1585902964.2192,156.62066650391,126.25003051758,-2,4
1585902964.3278,156.35636901855,125.92358398438,-2,4
1585902964.4416,156.05422973633,125.5505065918,-2,4
1585902964.5479,155.79177856445,125.22771453857,-2,4
1585902964.655,155.52374267578,124.8991317749,-2,4
1585902964.7687,155.20959472656,124.51535797119,-2,4
1585902964.8766,154.94050598145,124.18769836426,-2,4
1585902964.9842,154.66316223145,123.85119628906,-2,4
1585902965.0987,154.39297485352,123.5244140625,-2,4
1585902965.2073,154.1273651123,123.20410919189,-2,4
1585902965.3147,153.81518554688,122.82908630371,-2,4
1585902965.4233,153.58700561523,122.55583190918,-2,4
1585902965.5301,153.26850891113,122.17559051514,-2,4
1585902965.6437,153.0008392334,121.85715484619,-2,4
1585902965.7524,152.73004150391,121.5361328125,-2,4
1585902965.8601,152.40962219238,121.15755462646,-2,4
1585902965.9668,152.14028930664,120.84051513672,-2,4
1585902966.0835,151.87307739258,120.52689361572,-2,4
1585902966.1902,151.55584716797,120.15592193604,-2,4
1585902966.298,151.27975463867,119.83419799805,-2,4
1585902966.4057,151.00315856934,119.51290130615,-2,4
1585902966.5204,150.73649597168,119.20411682129,-2,4
1585902966.6281,150.41174316406,118.82936859131,-2,4
1585902966.7358,150.13610839844,118.51250457764,-2,4
1585902966.8426,149.85737609863,118.19304656982,-2,4
1585902966.9577,149.58601379395,117.88305664063,-2,4
1585902967.0654,149.29837036133,117.55537414551,-2,4
1585902967.1731,148.9758605957,117.1891784668,-2,4
1585902967.2799,148.69555664063,116.87631988525,-2,4
1585902967.3936,148.40539550781,116.56169128418,-2,4
1585902967.502,148.12750244141,116.26287078857,-2,4
1585902967.6098,147.79592895508,115.90491485596,-2,4
1585902967.7226,147.51245117188,115.60037994385,-2,4
1585902967.8312,147.22547912598,115.29378509521,-2,4
1585902967.9389,146.93769836426,114.98792266846,-2,4
1585902968.0457,146.6463470459,114.67984771729,-2,4
1585902968.1594,146.3072052002,114.32331085205,-2,4
1585902968.2661,146.01959228516,114.02267456055,-2,4
1585902968.3747,145.72854614258,113.7200012207,-2,4
1585902968.4894,145.38862609863,113.36994171143,-2,4
1585902968.5972,145.09144592285,113.0732421875,-2,4
1585902968.7058,144.79208374023,112.78430175781,-2,4
1585902968.8135,144.48370361328,112.49325561523,-2,4
1585902968.9207,144.17353820801,112.19820404053,-2,4
1585902969.0352,143.81910705566,111.86260986328,-2,4
1585902969.1429,143.51280212402,111.57528686523,-2,4
1585902969.2512,143.20527648926,111.28921508789,-2,4
1585902969.3588,142.89360046387,111.00177001953,-2,4
1585902969.4726,142.53045654297,110.66983795166,-2,4
1585902969.581,142.24594116211,110.37245941162,-2,4
1585902969.6887,142.0101776123,110.02543640137,-2,4
1585902969.7964,141.80690002441,109.6579284668,-2,4
1585902969.9111,141.56178283691,109.22203063965,-2,4
1585902970.0185,141.3540802002,108.86157226563,-2,4
1585902970.1273,141.13876342773,108.50104522705,-2,4
1585902970.235,140.92059326172,108.1374206543,-2,4
1585902970.3427,140.63919067383,107.73439025879,-2,4
1585902970.4584,140.39208984375,107.40469360352,-2,4
1585902970.5651,140.12692260742,107.04850769043,-2,4
1585902970.6728,139.87573242188,106.71189880371,-2,4
1585902970.7805,139.62632751465,106.37891387939,-2,4
1585902970.8952,139.33039855957,105.98588562012,-2,4
1585902971.004,139.0817565918,105.65740203857,-2,4
1585902971.1115,138.82745361328,105.32315826416,-2,4
1585902971.2187,138.5747833252,104.9927444458,-2,4
1585902971.3262,138.27488708496,104.60274505615,-2,4
1585902971.4398,138.0260925293,104.2744140625,-2,4
1585902971.5475,137.77430725098,103.92835998535,-2,4
1585902971.6609,137.48233032227,103.52737426758,-2,4
1585902971.7685,137.23663330078,103.19167327881,-2,4
1585902971.8769,136.98791503906,102.85325622559,-2,4
1585902971.9845,136.72189331055,102.49284362793,-1.8646125793457,4
1585902972.0922,136.4739074707,102.16379547119,-1.7081665992737,4
1585902972.2079,136.21647644043,101.82697296143,-1.5,4
1585902972.3147,135.91488647461,101.43330383301,-1.375500202179,4
1585902972.4224,135.66719055176,101.08927154541,-1.25,4
1585902972.536,135.43322753906,100.75012207031,-1,4
1585902972.6433,135.18887329102,100.39876556396,-0.9581663608551,4
1585902972.7511,134.91345214844,100.00564575195,-0.75,4
1585902972.8578,134.67604064941,99.668899536133,-0.6254997253418,4
1585902972.972,134.39604187012,99.274147033691,-0.5,4
1585902973.0807,134.15213012695,98.932220458984,-0.25200033187866,4
1585902973.1874,133.90737915039,98.590919494629,-0.25,4
1585902973.3009,133.66409301758,98.253494262695,0,4
1585902973.4076,133.37997436523,97.861686706543,0,4
1585902973.5147,133.13485717773,97.525520324707,0,4
1585902973.6234,132.88418579102,97.183547973633,0,4
1585902973.737,132.63740539551,96.848602294922,0,4
1585902973.8438,132.38502502441,96.507865905762,0,4
1585902973.9525,132.1365814209,96.174171447754,0,4
1585902974.0662,131.84170532227,95.780372619629,0,4
1585902974.1739,131.58657836914,95.441627502441,0,4
1585902974.2816,131.34698486328,95.101699829102,0,4
1585902974.3893,131.10632324219,94.742797851563,0,4
1585902974.4981,130.83390808105,94.337944030762,0,4
1585902974.6127,130.5940246582,93.983535766602,0,4
1585902974.7194,130.3576965332,93.641242980957,0,4
1585902974.8272,130.11903381348,93.300621032715,0,4
1585902974.9419,129.83982849121,92.900428771973,0,4
1585902975.0495,129.59664916992,92.553199768066,0,4
1585902975.1573,129.35722351074,92.213020324707,0,4
1585902975.2648,129.08229064941,91.824462890625,0,4
1585902975.38,128.83883666992,91.482208251953,0,4
1585902975.4871,128.59457397461,91.140571594238,0,4
1585902975.5938,128.34953308105,90.799499511719,0,4
1585902975.7016,128.06143188477,90.400588989258,0,4
1585902975.8153,127.81228637695,90.057441711426,0,4
1585902975.9219,127.56237792969,89.714897155762,0,4
1585902976.0356,127.31169891357,89.37296295166,0,4
1585902976.1434,127.02141571045,88.975799560547,0,4
1585902976.2517,126.80647277832,88.615074157715,0,4
1585902976.3585,126.58966827393,88.241477966309,0,4
1585902976.4721,126.37985992432,87.882247924805,0,4
1585902976.5801,126.13661956787,87.468452453613,0,4
1585902976.6866,125.92506408691,87.110290527344,0,4
1585902976.8004,125.7108001709,86.749038696289,0,4
1585902976.9079,125.46111297607,86.329742431641,0,4
1585902977.0154,125.24765014648,85.972709655762,0,4
1585902977.1231,125.03365325928,85.616050720215,0,4
1585902977.2377,124.78182983398,85.198097229004,0,4
1585902977.3442,124.57067108154,84.848976135254,0,4
1585902977.4519,124.33117675781,84.50936126709,0,4
1585902977.5655,124.03056335449,84.135154724121,0,4
1585902977.6723,123.76663208008,83.803352355957,0,4
1585902977.785,123.50775146484,83.477699279785,0,4
1585902977.8926,123.23245239258,83.150337219238,0,4
1585902978.0013,122.90514373779,82.799247741699,0,4
1585902978.1091,122.6198348999,82.491134643555,0,4
1585902978.2168,122.33084106445,82.180847167969,0,4
1585902978.3334,122.03823852539,81.873901367188,0,4
1585902978.4397,121.75032043457,81.579208374023,0,4
1585902978.5469,121.4010925293,81.221382141113,0,4
1585902978.6546,121.09992218018,80.928977966309,0,4
1585902978.7683,120.78136444092,80.649215698242,0,4
1585902978.877,120.469871521,80.373527526855,0,4
1585902978.983,120.15532684326,80.095275878906,0,4
1585902979.0961,119.78939056396,79.772392272949,0,4
1585902979.2042,119.47789001465,79.490837097168,0,4
1585902979.3111,119.20887756348,79.173934936523,0,4
1585902979.4248,118.90355682373,78.793411254883,0,4
1585902979.5324,118.64008331299,78.47159576416,0,4
1585902979.6391,118.37401580811,78.146644592285,0,4
1585902979.7559,118.06394195557,77.769897460938,0,4
1585902979.8636,117.79628753662,77.446304321289,0,4
1585902979.9712,117.52789306641,77.123191833496,0,4
1585902980.0799,117.26145935059,76.803749084473,0,4
1585902980.1876,116.94298553467,76.42359161377,0,4
1585902980.3014,116.6725769043,76.10221862793,0,4
1585902980.4091,116.39890289307,75.778396606445,0,4
1585902980.5168,116.1323928833,75.464294433594,0,4
1585902980.6252,115.82106018066,75.098930358887,0,4
1585902980.733,115.55057525635,74.78288269043,0,4
1585902980.8463,115.27947235107,74.467445373535,0,4
1585902980.9552,114.95796966553,74.095031738281,0,4
1585902981.0632,114.6775894165,73.771659851074,0,4
1585902981.17,114.39917755127,73.451904296875,0,4
1585902981.2846,114.1174621582,73.129615783691,0,4
1585902981.3923,113.84041595459,72.813957214355,0,4
1585902981.501,113.51504516602,72.44490814209,0,4
1585902981.6088,113.24194335938,72.136459350586,0,4
1585902981.7234,112.95491027832,71.813629150391,0,4
1585902981.8311,112.67520904541,71.500366210938,0,4
1585902981.9388,112.39487457275,71.18766784668,0,4
1585902982.0465,112.06567382813,70.822128295898,0.25,4
1585902982.1612,111.78395080566,70.510665893555,0.4980001449585,4
1585902982.2689,111.498878479,70.196815490723,0.54183322191238,4
1585902982.3771,111.2131729126,69.88353729248,0.75,4
1585902982.4848,110.9241027832,69.567893981934,0.79183286428452,4
1585902982.5925,110.62896728516,69.246948242188,1,4
1585902982.7091,110.29517364502,68.885597229004,1.25,4
1585902982.817,110.01494598389,68.583587646484,1.25,4
1585902982.9246,109.73408508301,68.282188415527,1.5,4
1585902983.0324,109.40061950684,67.925926208496,1.7480003833771,4
1585902983.1391,109.11569213867,67.622924804688,1.75,4
1585902983.2547,108.78336334229,67.271118164063,2,4
1585902983.3615,108.49426269531,66.966484069824,2.0418334007263,4
1585902983.4691,108.19625854492,66.653732299805,2.25,4
1585902983.5774,107.90591430664,66.350257873535,2.4980006217957,4
1585902983.6921,107.61492919922,66.047393798828,2.5418336391449,4
1585902983.7998,107.32331848145,65.745124816895,2.75,4
1585902983.9075,106.98090362549,65.39183807373,2.8745007514954,4
1585902984.0143,106.68795013428,65.090972900391,3,4
1585902984.1309,106.38594055176,64.782104492188,3.25,4
1585902984.2381,106.0860748291,64.476715087891,3.25,4
1585902984.3458,105.79395294189,64.180480957031,3.5,4
1585902984.4542,105.45055389404,63.833847045898,3.7479991912842,4
1585902984.5611,105.157081604,63.538974761963,3.7918329238892,4
1585902984.6755,104.87434387207,63.228824615479,4,4
1585902984.7833,104.60948944092,62.815017700195,4,4
1585902984.8911,104.40949249268,62.445705413818,4,4
1585902984.9989,104.20318603516,62.07071685791,4,4
1585902985.1125,104.00304412842,61.71061706543,4,4
1585902985.2202,103.76477813721,61.284767150879,4,4
1585902985.3287,103.5569229126,60.915218353271,4,4
1585902985.4424,103.352394104,60.552978515625,4,4
1585902985.5501,103.14527893066,60.187610626221,4,4
1585902985.6569,102.93762207031,59.822525024414,4,4
1585902985.7706,102.69760894775,59.402214050293,4,4
1585902985.8793,102.49270629883,59.044811248779,4,4
1585902985.987,102.24724578857,58.618381500244,4,4
1585902986.0948,102.04109954834,58.261684417725,4,4
1585902986.2034,101.8303527832,57.898342132568,4,4
1585902986.3112,101.62107086182,57.538818359375,4,4
1585902986.4255,101.3748626709,57.117462158203,4,4
1585902986.5323,101.16440582275,56.758609771729,4,4
1585902986.6391,100.94934844971,56.393177032471,4,4
1585902986.7547,100.70523071289,55.979877471924,4,4
1585902986.8625,100.4909362793,55.618629455566,4,4
1585902986.9701,100.28022003174,55.264598846436,4,4
1585902987.078,100.0689239502,54.910934448242,4,4
1585902987.1858,99.85082244873,54.547294616699,4,4
1585902987.2991,99.599113464355,54.129222869873,4,4
1585902987.4068,99.385597229004,53.772235870361,4,4
1585902987.5145,99.212615966797,53.38130569458,4,4
1585902987.6232,99.088203430176,52.980213165283,4,4
1585902987.737,98.940773010254,52.510864257813,4,4
1585902987.8437,98.810646057129,52.111553192139,4,4
1585902987.9519,98.683952331543,51.715408325195,4,4
1585902988.0647,98.598724365234,51.23514175415,4,4
1585902988.1721,98.534217834473,50.828212738037,4,4
1585902988.2799,98.466285705566,50.40966796875,4,4
1585902988.3944,98.398124694824,49.918659210205,4,4
1585902988.5033,98.365493774414,49.503952026367,4,4
1585902988.6098,98.331611633301,49.093353271484,4,4
1585902988.7234,98.290542602539,48.61109161377,4,4
1585902988.832,98.255104064941,48.196636199951,4,4
1585902988.9398,98.218772888184,47.774196624756,4,4
1585902989.047,98.186752319336,47.35546875,4,4
1585902989.1547,98.162422180176,46.936191558838,4,4
1585902989.2684,98.133460998535,46.445064544678,4,4
1585902989.377,98.108680725098,46.029819488525,4,4
1585902989.4847,98.083450317383,45.610591888428,4,4
1585902989.5924,98.054069519043,45.131500244141,4,4
1585902989.7091,98.028022766113,44.708312988281,4,4
1585902989.8168,98.002281188965,44.289112091064,4,4
1585902989.9242,97.976417541504,43.869911193848,4,4
1585902990.0319,97.945983886719,43.378860473633,4,4
1585902990.1397,97.920204162598,42.963672637939,4,4
1585902990.2484,97.894241333008,42.548515319824,4,4
1585902990.3619,97.868217468262,42.133327484131,4,4
1585902990.468,97.837562561035,41.646297454834,4,4
1585902990.5836,97.810829162598,41.223129272461,4,4
1585902990.6914,97.784233093262,40.803974151611,4,4
1585902990.7981,97.753234863281,40.316970825195,4,4
1585902990.9059,97.726936340332,39.905838012695,4,4
1585902991.0197,97.699813842773,39.482715606689,4,4
1585902991.1282,97.672584533691,39.059619903564,4,4
1585902991.2359,97.645767211914,38.644496917725,4,4
1585902991.3426,97.618087768555,38.21736907959,4,4
1585902991.4513,97.588714599609,37.766326904297,4,4
1585902991.5661,97.556053161621,37.267391204834,4,4
1585902991.6737,97.528755187988,36.852298736572,4,4
1585902991.7803,97.503509521484,36.469139099121,4,4
1585902991.895,97.499031066895,36.40128326416,4,4
1585902992.0032,97.475639343262,36.050048828125,4,4
1585902992.11,97.447395324707,35.627002716064,4,4
1585902992.2223,97.41429901123,35.132095336914,4,4
1585902992.3303,97.386749267578,34.721008300781,4,4
1585902992.4375,97.35823059082,34.297969818115,4,4
1585902992.5452,97.329605102539,33.874931335449,4,4
1585902992.6599,97.296226501465,33.384056091309,4,4
1585902992.7677,97.272521972656,33.0368309021,4,4
1585902992.8755,97.238975524902,32.546001434326,4,4
1585902992.9831,97.211067199707,32.138954162598,4,4
1585902993.0966,97.177474975586,31.652097702026,4,4
1585902993.2053,97.148475646973,31.233100891113,4,4
1585902993.312,97.119911193848,30.822067260742,4,4
1585902993.4267,97.085075378418,30.323274612427,4,4
1585902993.5334,97.056015014648,29.908294677734,4,4
1585902993.6411,97.026290893555,29.485353469849,4,4
1585902993.7489,96.996742248535,29.06640625,4,4
1585902993.8632,96.962211608887,28.579614639282,4,4
1585902993.9708,96.932426452637,28.160667419434,4,4
1585902994.0786,96.902503967285,27.741727828979,4,4
1585902994.186,96.872505187988,27.32279586792,4,4
1585902994.2997,96.83716583252,26.832090377808,4,4
1585902994.406,96.807205200195,26.417175292969,4,4
1585902994.5192,96.776512145996,25.994295120239,4,4
1585902994.628,96.746017456055,25.575407028198,4,4
1585902994.7357,96.715408325195,25.156520843506,4,4
1585902994.8424,96.679145812988,24.661838531494,4,4
1585902994.958,96.636421203613,24.24423789978,4,4
1585902995.0654,96.52872467041,23.834621429443,4,4
1585902995.1731,96.38606262207,23.439596176147,4,4
1585902995.2807,96.22541809082,22.983024597168,4,4
1585902995.3955,96.08576965332,22.582672119141,4,4
1585902995.5041,95.940849304199,22.184322357178,4,4
1585902995.6109,95.741149902344,21.806270599365,4,4
1585902995.7176,95.494567871094,21.471515655518,4,4
1585902995.8332,95.200325012207,21.092279434204,4,4
1585902995.941,94.947479248047,20.761966705322,4,4
1585902996.0477,94.69059753418,20.434852600098,4,4
1585902996.1552,94.345794677734,20.101451873779,4,4
1585902996.2688,94.035636901855,19.824245452881,4,4
1585902996.3776,93.726737976074,19.545595169067,4,4
1585902996.4852,93.39754486084,19.247694015503,4,4
1585902996.592,93.109420776367,18.948268890381,4,4
1585902996.7076,92.818565368652,18.566423416138,4,4
1585902996.8154,92.563621520996,18.232616424561,4,4
1585902996.9232,92.264770507813,17.84681892395,3.75,4
1585902997.0299,92.044464111328,17.567180633545,3.75,4
1585902997.1435,91.740913391113,17.180019378662,3.75,4
1585902997.2512,91.479232788086,16.846410751343,3.5418326854706,4
1585902997.359,91.219573974609,16.516273498535,3.5,4
1585902997.4669,90.91731262207,16.133131027222,3.5,4
1585902997.5831,90.659202575684,15.806869506836,3.3734996318817,4
1585902997.6908,90.395721435547,15.474692344666,3.25,4
1585902997.7983,90.134307861328,15.145973205566,3.25,4
1585902997.906,89.827568054199,14.761277198792,3.040833234787,4
1585902998.0192,89.565216064453,14.433259010315,3,4
1585902998.1277,89.30248260498,14.105580329895,3,4
1585902998.2351,89.039329528809,13.778256416321,3,4
1585902998.3419,88.770751953125,13.445074081421,2.75,4
1585902998.4585,88.458930969238,13.059334754944,2.75,4
1585902998.5663,88.191940307617,12.729963302612,2.75,4
1585902998.6739,87.929542541504,12.407122612,2.5418331623077,4
1585902998.7817,87.66675567627,12.084663391113,2.5,4
1585902998.8894,87.360450744629,11.70990562439,2.5,4
1585902998.9981,87.094215393066,11.385046005249,2.373500585556,4
1585902999.1127,86.822486877441,11.054358482361,2.25,4
1585902999.2204,86.552879333496,10.727104187012,2.25,4
1585902999.3283,86.244651794434,10.353965759277,2.040833234787,4
1585902999.4416,85.976692199707,10.030557632446,2,4
1585902999.5491,85.705772399902,9.7043838500977,2,4
1585902999.6568,85.436996459961,9.3816757202148,2,4
1585902999.7644,85.119071960449,9.0010290145874,2,4
1585902999.8796,84.849403381348,8.67906665802,2,4
1585902999.9862,84.579315185547,8.357439994812,2,4
1585903000.094,84.306221008301,8.0331106185913,2,4
1585903000.2027,83.996536254883,7.6663546562195,2,4
1585903000.3163,83.717338562012,7.3366966247559,2,4
1585903000.4239,83.445503234863,7.016547203064,2,4
1585903000.5306,83.170677185059,6.6936702728271,2,4
1585903000.6453,82.859031677246,6.3286170959473,2,4
1585903000.7531,82.585876464844,6.0095677375793,2,4
1585903000.8607,82.312309265137,5.69087266922,2,4
1585903000.9684,82.035736083984,5.3695096969604,2,4
1585903001.0768,81.716896057129,5.0001044273376,2,4
1585903001.1905,81.444648742676,4.6855540275574,2,4
1585903001.2977,81.172019958496,4.3713660240173,2,4
1585903001.4054,80.891090393066,4.0485019683838,2,4
1585903001.5191,80.572891235352,3.6838295459747,2,4
1585903001.628,80.293701171875,3.3647434711456,2,4
1585903001.7356,80.019371032715,3.0520191192627,2,4
1585903001.8423,79.74462890625,2.7396681308746,2,4
1585903001.958,79.421821594238,2.3736896514893,2,4
1585903002.0657,79.143562316895,2.0591149330139,2,4
1585903002.1734,78.870193481445,1.7508811950684,2,4
1585903002.2802,78.585800170898,1.431049823761,2,4
1585903002.3949,78.261016845703,1.0668414831161,2,4
1585903002.5036,77.978363037109,0.75078827142715,2,4
1585903002.6104,77.700660705566,0.44102889299393,2,4
1585903002.718,77.414535522461,0.12272924184799,2,4
1585903002.8267,77.127998352051,-0.19519644975662,2,4
1585903002.9403,76.79273223877,-0.56613528728485,2,4
1585903003.048,76.510665893555,-0.87731891870499,2,4
1585903003.1553,76.225532531738,-1.1910996437073,2,4
1585903003.269,75.926513671875,-1.5193049907684,2,4
1585903003.3768,75.627067565918,-1.847119808197,2,4
1585903003.4844,75.343414306641,-2.1568477153778,2,4
1585903003.5921,75.056625366211,-2.4691224098206,2,4
1585903003.7088,74.72331237793,-2.8309924602509,2,4
1585903003.8165,74.438339233398,-3.1395061016083,2,4
1585903003.9247,74.120323181152,-3.4828791618347,2,4
1585903004.0321,73.837249755859,-3.7877018451691,2,4
1585903004.1389,73.545608520508,-4.1009192466736,2,4
1585903004.2555,73.253570556641,-4.4138078689575,2,4
1585903004.3633,72.969291687012,-4.7175331115723,2,4
1585903004.471,72.638061523438,-5.0704307556152,2,4
1585903004.5787,72.347465515137,-5.3791723251343,2,4
1585903004.6864,72.050971984863,-5.6933054924011,2,4
1585903004.8008,71.762298583984,-5.9983472824097,2,4
1585903004.9085,71.47322845459,-6.3030118942261,2,4
1585903005.0154,71.139602661133,-6.6536364555359,2,4
1585903005.1244,70.855201721191,-6.9516758918762,2,4
1585903005.2381,70.56209564209,-7.2580165863037,2,4
1585903005.3457,70.224227905273,-7.6101503372192,2,4
1585903005.4536,69.941368103027,-7.9041390419006,2,4
1585903005.5672,69.649749755859,-8.2064027786255,2,4
1585903005.6749,69.307662963867,-8.560004234314,2,4
1585903005.7817,69.015205383301,-8.8614721298218,2,4
1585903005.8894,68.727958679199,-9.1568088531494,2,4
1585903006.0061,68.387222290039,-9.5061454772949,2,4
1585903006.1137,68.099098205566,-9.8006572723389,2,4
1585903006.2214,67.807830810547,-10.097650527954,2,4
1585903006.3298,67.513359069824,-10.397127151489,2,4
1585903006.4375,67.212898254395,-10.701944351196,2,4
1585903006.5453,66.869819641113,-11.04896736145,2,4
1585903006.659,66.568496704102,-11.352934837341,2,4
1585903006.7666,66.272407531738,-11.650800704956,2,4
1585903006.8751,65.981590270996,-11.942635536194,2,4
1585903006.9828,65.63948059082,-12.284978866577,2,4
1585903007.097,65.342178344727,-12.581641197205,2,4
1585903007.2057,65.044471740723,-12.877919197083,2,4
1585903007.3121,64.70662689209,-13.213210105896,2,4
1585903007.4258,64.408096313477,-13.50864315033,2,4
1585903007.5335,64.076927185059,-13.779066085815,2,4
1585903007.6403,63.732990264893,-14.027034759521,2,4
1585903007.749,63.393531799316,-14.274346351624,2,4
1585903007.8626,62.996204376221,-14.564499855042,2,4
1585903007.9704,62.660209655762,-14.809778213501,2,4
1585903008.0791,62.324069976807,-15.054865837097,2,4
1585903008.187,61.93274307251,-15.339658737183,2,4
1585903008.3007,61.592945098877,-15.586484909058,2,4
1585903008.4085,61.256172180176,-15.830668449402,2,4
1585903008.5157,60.919158935547,-16.074550628662,2,4
1585903008.6233,60.52356338501,-16.360269546509,2,4
1585903008.7369,60.182857513428,-16.605850219727,2,4
1585903008.8446,59.841926574707,-16.851154327393,2,4
1585903008.9523,59.445552825928,-17.135749816895,2,4
1585903009.0657,59.107398986816,-17.378034591675,2,4
1585903009.1725,58.733253479004,-17.645635604858,2,4
1585903009.2803,58.430511474609,-17.861793518066,2,4
1585903009.3951,58.023056030273,-18.129650115967,2,4
1585903009.5037,57.64453125,-18.301445007324,2,4
1585903009.6114,57.256195068359,-18.461450576782,2,4
1585903009.7181,56.809650421143,-18.648164749146,2,4
1585903009.8269,56.418701171875,-18.812337875366,2,4
1585903009.9405,56.029365539551,-18.969640731812,2,4
1585903010.0479,55.630863189697,-19.072658538818,2,4
1585903010.1557,55.151756286621,-19.141292572021,2,4
1585903010.2693,54.73210144043,-19.201992034912,2,4
1585903010.378,54.316593170166,-19.26344871521,2,4
1585903010.4851,53.833911895752,-19.335382461548,2,4
1585903010.593,53.42000579834,-19.375238418579,2,4
1585903010.7016,52.993110656738,-19.406288146973,2,4
1585903010.8151,52.574283599854,-19.437606811523,2,4
1585903010.9228,52.147468566895,-19.469841003418,2,4
1585903011.0305,51.660892486572,-19.506723403931,2,4
1585903011.1437,51.242107391357,-19.538480758667,2,4
1585903011.2523,50.819305419922,-19.570491790771,2,4
1585903011.36,50.396492004395,-19.602470397949,2,4
1585903011.4727,49.909866333008,-19.639209747314,2,4
1585903011.5814,49.499050140381,-19.670169830322,2,4
1585903011.6891,49.080223083496,-19.701688766479,2,4
1585903011.7968,48.665374755859,-19.732849121094,2,4
1585903011.9107,48.177864074707,-19.747234344482,2,4
1585903012.0184,47.749889373779,-19.746454238892,2,4
1585903012.1271,47.317905426025,-19.746421813965,2,4
1585903012.2348,46.901905059814,-19.746522903442,2,4
1585903012.3425,46.481925964355,-19.746807098389,2,4
1585903012.4579,45.993907928467,-19.747203826904,2,4
1585903012.5652,45.573886871338,-19.74755859375,2,4
1585903012.6731,45.097839355469,-19.747985839844,2,4
1585903012.7808,44.673828125,-19.748350143433,2,4
1585903012.8954,44.257801055908,-19.748723983765,2,4
1585903013.0041,43.773761749268,-19.749155044556,2,4
1585903013.1102,43.353744506836,-19.749519348145,2,4
1585903013.2169,42.937725067139,-19.749889373779,2,4
1585903013.3325,42.517696380615,-19.750244140625,2,4
1585903013.4403,42.029666900635,-19.75065612793,2,4
1585903013.547,41.617622375488,-19.751003265381,2,4
1585903013.6546,41.205562591553,-19.751356124878,2,4
1585903013.7693,40.713523864746,-19.751770019531,2,4
1585903013.8782,40.293487548828,-19.752124786377,2,4
1585903013.9859,39.877456665039,-19.752479553223,2,4
1585903014.0936,39.457424163818,-19.752843856812,2,4
1585903014.2013,39.029392242432,-19.753217697144,2,4
1585903014.3161,38.54536819458,-19.753631591797,2,4
1585903014.4237,38.117362976074,-19.754009246826,2,4
1585903014.5315,37.705368041992,-19.754356384277,2,4
1585903014.6388,37.289371490479,-19.754711151123,2,4
1585903014.7536,36.79736328125,-19.755130767822,2,4
1585903014.8599,36.381370544434,-19.755479812622,2,4
1585903014.9674,35.961364746094,-19.755840301514,2,4
1585903015.0841,35.485374450684,-19.756227493286,2,4
1585903015.1918,35.073375701904,-19.756567001343,2,4
1585903015.2996,34.657379150391,-19.756921768188,2,4
1585903015.4074,34.165382385254,-19.757350921631,2,4
1585903015.514,33.745376586914,-19.757709503174,2,4
1585903015.6307,33.321361541748,-19.758066177368,2,4
1585903015.7374,32.90535736084,-19.758413314819,2,4
1585903015.8451,32.417358398438,-19.758823394775,2,4
1585903015.9538,32.001346588135,-19.759172439575,2,4
1585903016.0675,31.58934211731,-19.759510040283,2,4
1585903016.1752,31.10132598877,-19.759906768799,2,4
1585903016.283,30.681306838989,-19.760250091553,2,4
1585903016.3906,30.261291503906,-19.760593414307,2,4
1585903016.4993,29.849275588989,-19.760932922363,2,4
1585903016.614,29.361259460449,-19.761329650879,2,4
1585903016.7212,28.937236785889,-19.761680603027,2,4
1585903016.829,28.521224975586,-19.762016296387,2,4
1585903016.9366,28.097206115723,-19.762363433838,2,4
1585903017.0505,27.609189987183,-19.762752532959,2,4
1585903017.1572,27.189178466797,-19.763095855713,2,4
1585903017.2639,26.769170761108,-19.763439178467,2,4
1585903017.3796,26.349170684814,-19.763774871826,2,4
1585903017.4872,25.861171722412,-19.764165878296,2,4
1585903017.5933,25.453163146973,-19.764486312866,2,4
1585903017.7019,25.033164978027,-19.764814376831,2,4
1585903017.8158,24.549146652222,-19.765180587769,2,4
1585903017.9234,24.125144958496,-19.765497207642,2,4
1585903018.0301,23.709133148193,-19.765798568726,2,4
1585903018.1438,23.289121627808,-19.766107559204,2,4
1585903018.252,22.861108779907,-19.766431808472,2,4
1585903018.3581,22.37308883667,-19.766786575317,2,4
1585903018.4729,21.949077606201,-19.767095565796,2,4
1585903018.5816,21.525066375732,-19.767404556274,2,4
1585903018.6893,21.109048843384,-19.767698287964,2,4
1585903018.7962,20.68504524231,-19.768016815186,2,4
1585903018.9103,20.205059051514,-19.768381118774,2,4
1585903019.018,19.781057357788,-19.768699645996,2,4
1585903019.1257,19.365070343018,-19.769008636475,2,4
1585903019.2394,18.865064620972,-19.769376754761,2,4
1585903019.3471,18.453081130981,-19.769693374634,2,4
1585903019.4558,18.029077529907,-19.769996643066,2,4
1585903019.5635,17.609083175659,-19.770299911499,2,4
1585903019.6708,17.125101089478,-19.770664215088,2,4
1585903019.7851,16.689105987549,-19.770980834961,2,4
1585903019.8928,16.269109725952,-19.771287918091,2,4
1585903020.0015,15.845101356506,-19.771589279175,2,4
1585903020.1077,15.429087638855,-19.771894454956,2,4
1585903020.2217,14.937072753906,-19.772245407104,2,4
1585903020.3304,14.521059036255,-19.77254486084,2,4
1585903020.4371,14.105045318604,-19.772842407227,2,4
1585903020.5518,13.609038352966,-19.773189544678,2,4
1585903020.6595,13.197020530701,-19.773487091064,2,4
1585903020.7672,12.773016929626,-19.773792266846,2,4
1585903020.876,12.357007980347,-19.77409362793,2,4
1585903020.9837,11.86900138855,-19.774446487427,2,4
1585903021.0975,11.456990242004,-19.774745941162,2,4
1585903021.2061,11.03298664093,-19.775051116943,2,4
1585903021.313,10.616980552673,-19.775350570679,2,4
1585903021.4208,10.132973670959,-19.775701522827,2,4
1585903021.535,9.7089757919312,-19.776006698608,2,4
1585903021.6428,9.2969665527344,-19.776306152344,2,4
1585903021.7512,8.8049650192261,-19.776660919189,2,4
1585903021.858,8.3849582672119,-19.776966094971,2,4
1585903021.9724,7.9569640159607,-19.777273178101,2,4
1585903022.0811,7.5369625091553,-19.777576446533,2,4
1585903022.188,7.1209592819214,-19.777877807617,2,4
1585903022.3017,6.6289601325989,-19.778232574463,2,4
1585903022.4094,6.2129635810852,-19.778526306152,2,4
1585903022.5171,5.7969665527344,-19.778814315796,2,4
1585903022.6248,5.3769702911377,-19.779111862183,2,4
1585903022.7325,4.8889746665955,-19.779453277588,2,4
1585903022.8462,4.4689769744873,-19.779741287231,2,4
1585903022.9549,4.0489792823792,-19.78002166748,2,4
1585903023.0617,3.5609774589539,-19.780336380005,2,4
1585903023.1764,3.1329779624939,-19.780611038208,2,4
1585903023.2841,2.7209761142731,-19.780879974365,2,4
1585903023.3918,2.3009757995605,-19.78115272522,2,4
1585903023.5001,1.80497610569,-19.781471252441,2,4
1585903023.6078,1.4449762105942,-19.781709671021,2,4
1585903023.7225,0.94497627019882,-19.782030105591,2,4
1585903023.8312,0.52097642421722,-19.782295227051,2,4
1585903023.938,0.10497634112835,-19.782550811768,2,4
1585903024.0516,-0.38302353024483,-19.782850265503,2,4
1585903024.1593,-0.80302345752716,-19.78310585022,2,4
1585903024.267,-1.2270233631134,-19.783357620239,2,4
1585903024.3748,-1.6430232524872,-19.783618927002,2,4
1585903024.4825,-2.0550229549408,-19.783878326416,2,4
1585903024.5962,-2.5470240116119,-19.7841796875,2,4
1585903024.7049,-2.9750247001648,-19.78443145752,2,4
1585903024.8126,-3.3830275535583,-19.784683227539,2,4
1585903024.9257,-3.8470296859741,-19.784963607788,2,4
1585903025.0334,-4.2710285186768,-19.78521156311,2,4
1585903025.141,-4.6950263977051,-19.785455703735,2,4
1585903025.2491,-5.1070232391357,-19.785696029663,2,4
1585903025.3637,-5.6150197982788,-19.785987854004,2,4
1585903025.4704,-6.031014919281,-19.786220550537,2,4
1585903025.5789,-6.451012134552,-19.786451339722,2,4
1585903025.6866,-6.9390091896057,-19.786729812622,2,4
1585903025.8013,-7.3550043106079,-19.786962509155,2,4
1585903025.909,-7.7790040969849,-19.787202835083,2,4
1585903026.0167,-8.1949968338013,-19.787437438965,2,4
1585903026.1254,-8.6189880371094,-19.787677764893,2,4
1585903026.2391,-9.1109762191772,-19.787958145142,2,4
1585903026.3468,-9.5269641876221,-19.788185119629,2,4
1585903026.4555,-10.014949798584,-19.788450241089,2,4
1585903026.5629,-10.426937103271,-19.788661956787,2,4
1585903026.6705,-10.842923164368,-19.788877487183,2,4
1585903026.7837,-11.334901809692,-19.789136886597,2,4
1585903026.8913,-11.694887161255,-19.789337158203,2,4
1585903027.0001,-12.190876960754,-19.789594650269,2,4
1585903027.1134,-12.610857009888,-19.789812088013,2,4
1585903027.221,-13.026839256287,-19.790014266968,2,4
1585903027.3292,-13.446820259094,-19.790224075317,2,4
1585903027.4369,-13.938798904419,-19.790454864502,2,4
1585903027.5516,-14.362775802612,-19.790670394897,2,4
1585903027.6583,-14.782753944397,-19.790882110596,2,4
1585903027.766,-15.270726203918,-19.791120529175,2,4
1585903027.8738,-15.690721511841,-19.791324615479,2,4
1585903027.9874,-16.106716156006,-19.791522979736,2,4
1585903028.0951,-16.530694961548,-19.791725158691,2,4
1585903028.2037,-16.950679779053,-19.791925430298,2,4
1585903028.3115,-17.378667831421,-19.792129516602,2,4
1585903028.424,-17.842657089233,-19.792346954346,2,4
1585903028.5318,-18.250658035278,-19.792541503906,2,4
1585903028.6451,-18.746643066406,-19.792778015137,2,4
1585903028.7538,-19.166652679443,-19.792972564697,2,4
1585903028.8612,-19.578657150269,-19.793157577515,2,4
1585903028.9689,-20.006662368774,-19.793352127075,2,4
1585903029.0767,-20.494672775269,-19.793571472168,2,4
1585903029.1902,-20.918685913086,-19.793762207031,2,4
1585903029.2979,-21.330684661865,-19.793947219849,2,4
1585903029.4047,-21.81468963623,-19.794164657593,2,4
1585903029.5193,-22.242702484131,-19.794357299805,2,4
1585903029.628,-22.662710189819,-19.794548034668,2,4
1585903029.7358,-23.082708358765,-19.794729232788,2,4
1585903029.8435,-23.50671005249,-19.79490852356,2,4
1585903029.9513,-23.990705490112,-19.795112609863,2,4
1585903030.0659,-24.406705856323,-19.795288085938,2,4
1585903030.1731,-24.886701583862,-19.795484542847,2,4
1585903030.2809,-25.306707382202,-19.795654296875,2,4
1585903030.3952,-25.786701202393,-19.795848846436,2,4
1585903030.5039,-26.210706710815,-19.796009063721,2,4
1585903030.6105,-26.634712219238,-19.796165466309,2,4
1585903030.7172,-27.054708480835,-19.796329498291,2,4
1585903030.8329,-27.542709350586,-19.796516418457,2,4
1585903030.9397,-27.962707519531,-19.796682357788,2,4
1585903031.0473,-28.382711410522,-19.796840667725,2,4
1585903031.155,-28.806716918945,-19.797004699707,2,4
1585903031.2697,-29.22271156311,-19.797157287598,2,4
1585903031.3785,-29.706731796265,-19.797351837158,2,4
1585903031.4862,-30.11874961853,-19.797513961792,2,4
1585903031.5938,-30.542762756348,-19.797674179077,2,4
1585903031.7016,-30.962776184082,-19.797832489014,2,4
1585903031.8163,-31.454790115356,-19.798015594482,2,4
1585903031.924,-31.870805740356,-19.798175811768,2,4
1585903032.0317,-32.290809631348,-19.79833984375,2,4
1585903032.1394,-32.710819244385,-19.798505783081,2,4
1585903032.2552,-33.202831268311,-19.798686981201,2,4
1585903032.363,-33.622844696045,-19.79884147644,2,4
1585903032.4706,-34.034862518311,-19.798999786377,2,4
1585903032.5791,-34.522880554199,-19.799188613892,2,4
1585903032.6858,-34.934909820557,-19.799348831177,2,4
1585903032.7994,-35.358917236328,-19.799510955811,2,4
1585903032.9071,-35.838939666748,-19.799703598022,2,4
1585903033.0139,-36.254951477051,-19.799869537354,2,4
1585903033.1296,-36.678958892822,-19.800037384033,2,4
1585903033.2372,-37.166954040527,-19.798452377319,2,4
1585903033.344,-37.585971832275,-19.770133972168,2,4
1585903033.4517,-37.996959686279,-19.741590499878,2,4
1585903033.5654,-38.423942565918,-19.712593078613,2,4
1585903033.6732,-38.839015960693,-19.684810638428,2,4
1585903033.7799,-39.254089355469,-19.657264709473,2,4
1585903033.8934,-39.737022399902,-19.625457763672,2,4
1585903034.002,-40.219985961914,-19.59387588501,2,4
1585903034.1094,-40.639087677002,-19.566627502441,2,4
1585903034.2173,-41.054222106934,-19.539798736572,2,4
1585903034.333,-41.477340698242,-19.512613296509,2,4
1585903034.4398,-41.956359863281,-19.481994628906,2,4
1585903034.5474,-42.375518798828,-19.455383300781,2,4
1585903034.6552,-42.790687561035,-19.42915725708,2,4
1585903034.7698,-43.217834472656,-19.402320861816,2,4
1585903034.8786,-43.700855255127,-19.372148513794,2,4
1585903034.9863,-44.12003326416,-19.346132278442,2,4
1585903035.0941,-44.543212890625,-19.320007324219,2,4
1585903035.2027,-44.962409973145,-19.294258117676,2,4
1585903035.3165,-45.449501037598,-19.264533996582,2,4
1585903035.4241,-45.868740081787,-19.239109039307,2,4
1585903035.5309,-46.287963867188,-19.213832855225,2,4
1585903035.6456,-46.771083831787,-19.184873580933,2,4
1585903035.7533,-47.186347961426,-19.160129547119,2,4
1585903035.86,-47.60160446167,-19.135517120361,2,4
1585903035.9673,-48.028861999512,-19.110330581665,2,4
1585903036.0839,-48.504024505615,-19.082500457764,2,4
1585903036.1908,-48.919326782227,-19.058324813843,2,4
1585903036.2986,-49.334632873535,-19.034280776978,2,4
1585903036.4062,-49.749950408936,-19.010374069214,2,4
1585903036.514,-50.177249908447,-18.98589515686,2,4
1585903036.6306,-50.664443969727,-18.958158493042,2,4
1585903036.7371,-51.07931137085,-18.929224014282,2,4
1585903036.8448,-51.496963500977,-18.884954452515,2,4
1585903036.9536,-51.986282348633,-18.833776473999,2,4
1585903037.0613,-52.408008575439,-18.790163040161,2,4
1585903037.176,-52.821800231934,-18.747653961182,2,4
1585903037.2837,-53.299301147461,-18.698888778687,2,4
1585903037.3914,-53.725090026855,-18.655626296997,2,4
1585903037.4992,-54.138961791992,-18.61375617981,2,4
1585903037.6128,-54.616519927979,-18.565660476685,2,4
1585903037.7203,-55.030429840088,-18.524171829224,2,4
1585903037.828,-55.448337554932,-18.48247718811,2,4
1585903037.9356,-55.858306884766,-18.441749572754,2,4
1585903038.0487,-56.347911834717,-18.393329620361,2,4
1585903038.1565,-56.758060455322,-18.326309204102,2,4
1585903038.27,-57.16130065918,-18.224098205566,2,4
1585903038.3778,-57.561038970947,-18.124408721924,2,4
1585903038.4856,-58.042602539063,-18.005708694458,2,4
1585903038.5923,-58.45055770874,-17.905872344971,2,4
1585903038.7089,-58.862487792969,-17.805511474609,2,4
1585903038.8156,-59.332820892334,-17.691360473633,2,4
1585903038.9219,-59.73713684082,-17.59356880188,2,4
1585903039.0356,-60.137210845947,-17.495252609253,2,4
1585903039.1431,-60.534488677979,-17.348375320435,2,4
1585903039.2519,-60.911140441895,-17.145505905151,2,4
1585903039.3582,-61.277053833008,-16.939348220825,2,4
1585903039.4719,-61.696365356445,-16.705718994141,2,4
1585903039.5806,-62.070835113525,-16.498464584351,2,4
1585903039.6877,-62.435119628906,-16.297594070435,2,4
1585903039.8004,-62.862693786621,-16.062465667725,2,4
1585903039.9081,-63.226501464844,-15.860787391663,2,4
1585903040.0158,-63.567649841309,-15.629926681519,2,4
1585903040.1246,-63.965656280518,-15.354517936707,2,4
1585903040.2392,-64.314926147461,-15.114129066467,2,4
1585903040.347,-64.657989501953,-14.878819465637,2,4
1585903040.4556,-65.06071472168,-14.603251457214,2,4
1585903040.5633,-65.40754699707,-14.366374969482,2,4
1585903040.6701,-65.761177062988,-14.125263214111,2,4
1585903040.7837,-66.108345031738,-13.888910293579,2,4
1585903040.8914,-66.441841125488,-13.627212524414,2,4
1585903041.0001,-66.816276550293,-13.326879501343,2,4
1585903041.108,-67.135055541992,-13.072225570679,2,4
1585903041.2227,-67.516784667969,-12.768181800842,2,4
1585903041.331,-67.842445373535,-12.509293556213,2,4
1585903041.4387,-68.174491882324,-12.245635032654,2,4
1585903041.5464,-68.500480651855,-11.987163543701,2,4
1585903041.6603,-68.893112182617,-11.677547454834,2,4
1585903041.768,-69.226974487305,-11.416109085083,2,4
1585903041.8767,-69.548004150391,-11.164307594299,2,4
1585903041.9843,-69.881820678711,-10.902854919434,2,4
1585903042.092,-70.212677001953,-10.644127845764,2,4
1585903042.2087,-70.597328186035,-10.343791007996,2,4
1585903042.3158,-70.934928894043,-10.08069229126,2,4
1585903042.4234,-71.266387939453,-9.8227567672729,2,4
1585903042.5302,-71.594879150391,-9.5675258636475,2,4
1585903042.6449,-71.993133544922,-9.2586431503296,2,4
1585903042.7526,-72.325225830078,-9.0015087127686,2,4
1585903042.8603,-72.657516479492,-8.7445869445801,2,4
1585903042.967,-72.989990234375,-8.4879426956177,2,4
1585903043.0837,-73.37718963623,-8.1909379959106,2,4
1585903043.1905,-73.705932617188,-7.942596912384,2,4
1585903043.297,-74.0439453125,-7.6866617202759,2,4
1585903043.4047,-74.37574005127,-7.435694694519,2,4
1585903043.5194,-74.765319824219,-7.1417398452759,2,4
1585903043.6281,-75.09449005127,-6.8939781188965,2,4
1585903043.7359,-75.433517456055,-6.6393446922302,2,4
1585903043.8436,-75.763236999512,-6.3922967910767,2,4
1585903043.9514,-76.157363891602,-6.0977058410645,2,4
1585903044.0651,-76.494094848633,-5.8466143608093,2,4
1585903044.1729,-76.824653625488,-5.6006927490234,2,4
1585903044.2805,-77.219734191895,-5.3074769973755,2,4
1585903044.3942,-77.560501098633,-5.0551991462708,2,4
1585903044.5029,-77.898345947266,-4.8056702613831,2,4
1585903044.6106,-78.236473083496,-4.5565056800842,2,4
1585903044.7179,-78.58130645752,-4.3029742240906,2,4
1585903044.8267,-78.916725158691,-4.0568790435791,2,4
1585903044.9405,-79.320243835449,-3.7615966796875,2,4
1585903045.0479,-79.656227111816,-3.5163321495056,2,4
1585903045.1556,-79.995758056641,-3.2690706253052,2,4
1585903045.2703,-80.393814086914,-2.9799027442932,2,4
1585903045.379,-80.727432250977,-2.738114118576,2,4
1585903045.4858,-81.061325073242,-2.4967036247253,2,4
1585903045.5934,-81.396186828613,-2.2566332817078,2,4
1585903045.7013,-81.798675537109,-1.973680973053,2,4
1585903045.8159,-82.148536682129,-1.7271438837051,2,4
1585903045.9226,-82.495262145996,-1.4831075668335,2,4
1585903046.0303,-82.865112304688,-1.1780360937119,2,4
1585903046.145,-83.16813659668,-0.89891302585602,2,4
1585903046.2537,-83.528121948242,-0.56941431760788,2,4
1585903046.3614,-83.803207397461,-0.31899484992027,2,4
1585903046.4682,-84.15869140625,0.0035473890602589,2,4
1585903046.5768,-84.473175048828,0.28795817494392,2,4
1585903046.6905,-84.7939453125,0.57735186815262,2,4
1585903046.7984,-85.109169006348,0.86103284358978,2,4
1585903046.9058,-85.41869354248,1.1389648914337,2,4
1585903047.0191,-85.779251098633,1.46184694767,2,4
1585903047.1275,-86.089492797852,1.7389818429947,2,4
1585903047.2349,-86.406059265137,2.0210540294647,2,4
1585903047.3422,-86.716979980469,2.297429561615,2,4
1585903047.4584,-87.088066101074,2.6264929771423,2,4
1585903047.5657,-87.39966583252,2.9021248817444,2,4
1585903047.6734,-87.708602905273,3.1747436523438,2,4
1585903047.7812,-88.044876098633,3.4707746505737,2,4
1585903047.8889,-88.357460021973,3.7453076839447,2,4
1585903048.0047,-88.733551025391,4.0747876167297,2,4
1585903048.1123,-89.046798706055,4.3485102653503,2,4
1585903048.2201,-89.363410949707,4.6245064735413,2,4
1585903048.3277,-89.725654602051,4.9394817352295,2,4
1585903048.4424,-90.04598236084,5.2172746658325,2,4
1585903048.5501,-90.357597351074,5.4868731498718,2,4
1585903048.6568,-90.672515869141,5.7587246894836,1.7908333539963,4
1585903048.7646,-91.048400878906,6.0823616981506,1.75,4
1585903048.8733,-91.361183166504,6.3505706787109,1.5418334007263,4
1585903048.9876,-91.731346130371,6.662410736084,1.2908333539963,4
1585903049.0952,-92.055435180664,6.9295482635498,1.25,4
1585903049.204,-92.379180908203,7.1907825469971,1,4
1585903049.3117,-92.702545166016,7.4460716247559,1,4
1585903049.4264,-93.035217285156,7.7024354934692,0.75,4
1585903049.5341,-93.393157958984,7.9784235954285,0.5,4
1585903049.6418,-93.730407714844,8.2419404983521,0.5,4
1585903049.7506,-94.11873626709,8.5440082550049,0.29183331131935,4
1585903049.8642,-94.447822570801,8.7984342575073,0.25,4
1585903049.9719,-94.783958435059,9.0568265914917,0,4
1585903050.0802,-95.17179107666,9.3530378341675,-0.12650001049042,4
1585903050.1869,-95.499984741211,9.6021375656128,-0.25,4
1585903050.3006,-95.838447570801,9.8575448989868,-0.45816648006439,4
1585903050.4079,-96.167999267578,10.104793548584,-0.5,4
1585903050.5157,-96.562438964844,10.398869514465,-0.75,4
1585903050.6244,-96.896713256836,10.646529197693,-1,4
1585903050.7378,-97.238105773926,10.89799118042,-1,4
1585903050.8452,-97.580177307129,11.148498535156,-1.25,4
1585903050.9539,-97.919738769531,11.395720481873,-1.25,4
1585903051.0616,-98.318336486816,11.684103012085,-1.5,4
1585903051.1753,-98.656105041504,11.92694568634,-1.75,4
1585903051.282,-99.001083374023,12.173531532288,-1.75,4
1585903051.3897,-99.346717834473,12.419153213501,-2,4
1585903051.4981,-99.745376586914,12.700678825378,-2,4
1585903051.6119,-100.09243011475,12.944215774536,-2,4
1585903051.7195,-100.43688964844,13.184513092041,-2,4
1585903051.8282,-100.78202819824,13.423880577087,-2,4
1585903051.942,-101.18716430664,13.703058242798,-2,4
1585903052.0497,-101.53372192383,13.940351486206,-2,4
1585903052.157,-101.88423919678,14.178942680359,-2,4
1585903052.2647,-102.23210906982,14.414366722107,-2,4
1585903052.3735,-102.58058929443,14.648845672607,-2,4
1585903052.4881,-102.979637146,14.91565990448,-2,4
1585903052.5959,-103.32614898682,15.145884513855,-2,4
1585903052.7047,-103.67994689941,15.379565238953,-2,4
1585903052.8108,-104.08458709717,15.645174026489,-2,4
1585903052.9254,-104.4363861084,15.874636650085,-2,4
1585903053.0331,-104.79211425781,16.105314254761,-2,4
1585903053.1409,-105.1484375,16.335033416748,-2,4
1585903053.2497,-105.56273651123,16.600444793701,-2,4
1585903053.3633,-105.91368103027,16.823888778687,-2,4
1585903053.47,-106.27195739746,17.05065536499,-2,4
1585903053.5787,-106.63421630859,17.27862739563,-2,4
1585903053.6859,-106.98687744141,17.499280929565,-2,4
1585903053.8007,-107.40472412109,17.759065628052,-2,4
1585903053.9079,-107.75522613525,17.975610733032,-2,4
1585903054.0146,-108.12334442139,18.201663970947,-2,4
1585903054.1233,-108.48522949219,18.422639846802,-2,4
1585903054.2379,-108.90242767334,18.675844192505,-2,4
1585903054.3447,-109.25522613525,18.888591766357,-2,4
1585903054.4534,-109.62041473389,19.087184906006,-2,4
1585903054.567,-110.07437133789,19.276824951172,-2,4
1585903054.6748,-110.46141815186,19.439908981323,-2,4
1585903054.7825,-110.84531402588,19.600160598755,-2,4
1585903054.8902,-111.25189971924,19.719125747681,-2,4
1585903054.9989,-111.66738891602,19.778688430786,-2,4
1585903055.1136,-112.14850616455,19.831554412842,-2,4
1585903055.2213,-112.57769775391,19.880922317505,-2,4
1585903055.33,-112.99515533447,19.927024841309,-2,4
1585903055.4376,-113.47882843018,19.926839828491,-2,4
1585903055.5506,-113.89466094971,19.913682937622,-2,4
1585903055.6581,-114.30656433105,19.902000427246,-2,4
1585903055.7657,-114.72646331787,19.890731811523,-2,4
1585903055.8741,-115.15438079834,19.879537582397,-2,4
1585903055.9878,-115.6382522583,19.867029190063,-2,4
1585903056.0955,-116.06609344482,19.856042861938,-2,4
1585903056.2042,-116.47792053223,19.845508575439,-2,4
1585903056.311,-116.95783233643,19.833278656006,-2,4
1585903056.4247,-117.37775421143,19.822629928589,-2,4
1585903056.5314,-117.80165100098,19.811901092529,-2,4
1585903056.6451,-118.29357147217,19.799495697021,-2,4
1585903056.7537,-118.70550537109,19.789178848267,-2,4
1585903056.8615,-119.12144470215,19.779008865356,-2,4
1585903056.9692,-119.53734588623,19.768869400024,-2,4
1585903057.0769,-120.02523803711,19.756948471069,-2,4
1585903057.1916,-120.44915008545,19.746652603149,-2,4
1585903057.299,-120.86904144287,19.73649597168,-2,4
1585903057.4067,-121.29694366455,19.726169586182,-2,4
1585903057.5144,-121.71285247803,19.716167449951,-2,4
1585903057.6297,-122.20478057861,19.704404830933,-2,4
1585903057.7371,-122.62069702148,19.694494247437,-2,4
1585903057.8432,-123.0645980835,19.683959960938,-2,4
1585903057.9514,-123.47660827637,19.67421913147,-2,4
1585903058.0656,-123.92450714111,19.663665771484,-2,4
1585903058.1734,-124.34045410156,19.653917312622,-2,4
1585903058.281,-124.83236694336,19.642423629761,-2,4
1585903058.3957,-125.2562713623,19.632574081421,-2,4
1585903058.5043,-125.67620849609,19.622844696045,-2,4
1585903058.612,-126.10018157959,19.613050460815,-2,4
1585903058.7197,-126.58406066895,19.601930618286,-2,4
1585903058.8284,-127,19.592405319214,-2,4
1585903058.9362,-127.41990661621,19.58283996582,-2,4
1585903059.0508,-127.90788269043,19.571752548218,-2,4
1585903059.1581,-128.32781982422,19.562267303467,-2,4
1585903059.2647,-128.74374389648,19.552900314331,-2,4
1585903059.3735,-129.12364196777,19.54437828064,-2,4
1585903059.4875,-129.63955688477,19.532958984375,-2,4
1585903059.5944,-130.05946350098,19.523759841919,-2,4
1585903059.7031,-130.47943115234,19.51452255249,-2,4
1585903059.8168,-130.90731811523,19.505142211914,-2,4
1585903059.9236,-131.35916137695,19.495288848877,-2,4
1585903060.0303,-131.78312683105,19.486072540283,-2,4
1585903060.1449,-132.26704406738,19.475608825684,-2,4
1585903060.2537,-132.69096374512,19.466491699219,-2,4
1585903060.3604,-133.08688354492,19.458011627197,-2,4
1585903060.4671,-133.52687072754,19.448610305786,-2,4
1585903060.5838,-134.01872253418,19.438154220581,-2,4
1585903060.6916,-134.43467712402,19.429346084595,-2,4
1585903060.799,-134.85466003418,19.42049407959,-2,4
1585903060.9057,-135.27459716797,19.411682128906,-2,4
1585903061.0189,-135.7664642334,19.401407241821,-2,4
1585903061.1263,-136.19041442871,19.392602920532,-2,4
1585903061.234,-136.60237121582,19.384069442749,-2,4
1585903061.3476,-137.09027099609,19.374017715454,-2,4
1585903061.4562,-137.51420593262,19.365329742432,-2,4
1585903061.563,-137.93818664551,19.356676101685,-2,4
1585903061.6706,-138.3621673584,19.34804725647,-2,4
1585903061.7854,-138.85411071777,19.338088989258,-2,4
1585903061.8931,-139.27803039551,19.329544067383,-2,4
1585903062.0009,-139.69804382324,19.321100234985,-2,4
1585903062.1075,-140.11804199219,19.312660217285,-2,4
1585903062.2222,-140.53800964355,19.304220199585,-2,4
1585903062.3309,-140.95797729492,19.295782089233,-2,4
1585903062.4377,-141.45793151855,19.285739898682,-2,4
1585903062.5454,-141.86991882324,19.277456283569,-2,4
1585903062.6596,-142.28991699219,19.269021987915,-2,4
1585903062.7668,-142.77789306641,19.259216308594,-2,4
1585903062.8749,-143.18991088867,19.250932693481,-2,4
1585903062.9826,-143.61390686035,19.242420196533,-2,4
1585903063.0972,-144.03791809082,19.233901977539,-2,4
1585903063.2059,-144.5379486084,19.223859786987,-2,4
1585903063.3137,-144.94993591309,19.215574264526,-2,4
1585903063.4214,-145.36994934082,19.207132339478,-2,4
1585903063.5361,-145.8059387207,19.198375701904,-2,4
1585903063.6428,-146.2219543457,19.190015792847,-2,4
1585903063.7507,-146.70997619629,19.180210113525,-2,4
1585903063.8584,-147.12599182129,19.171852111816,-2,4
1585903063.973,-147.61404418945,19.16205406189,-2,4
1585903064.0818,-148.03407287598,19.153617858887,-2,4
1585903064.1886,-148.46208190918,19.145021438599,-2,4
1585903064.2962,-148.88609313965,19.136505126953,-2,4
1585903064.4107,-149.30610656738,19.128067016602,-2,4
1585903064.5185,-149.73014831543,19.119552612305,-2,4
1585903064.6274,-150.22215270996,19.109670639038,-2,4
1585903064.7351,-150.63020324707,19.101467132568,-2,4
1585903064.8428,-151.04220581055,19.093189239502,-2,4
1585903064.9515,-151.45822143555,19.084833145142,-2,4
1585903065.0655,-151.94622802734,19.075029373169,-2,4
1585903065.1732,-152.37426757813,19.066431045532,-1.9581665992737,4
1585903065.2809,-152.79428100586,19.057991027832,-1.75,4
1585903065.3946,-153.27432250977,19.04833984375,-1.75,4
1585903065.5033,-153.73829650879,19.039024353027,-1.5,4
1585903065.61,-154.15411376953,19.030670166016,-1.5,4
1585903065.7169,-154.58187866211,19.022081375122,-1.25,4
1585903065.8325,-155.00566101074,19.013572692871,-1.25,4
1585903065.9393,-155.42546081543,19.005142211914,-1.1254993677139,4
1585903066.047,-155.84127807617,18.996789932251,-1,4
1585903066.1598,-156.33309936523,18.986909866333,-1,4
1585903066.2674,-156.7529296875,18.978479385376,-1,4
1585903066.3761,-157.17277526855,18.970048904419,-1,4
1585903066.4839,-157.59660339355,18.961536407471,-1,4
1585903066.5976,-158.08966064453,19.004072189331,-1,4
1585903066.7058,-158.51182556152,19.074939727783,-1,4
1585903066.8127,-158.92597961426,19.144472122192,-1,4
1585903066.9203,-159.34016418457,19.214000701904,-1,4
1585903067.0351,-159.82934570313,19.296129226685,-1,4
1585903067.1418,-160.24749755859,19.366323471069,-1,4
1585903067.2495,-160.65374755859,19.434511184692,-1,4
1585903067.3631,-161.0679473877,19.504034042358,-1,4
1585903067.4695,-161.54071044922,19.585998535156,-1,4
1585903067.5782,-161.94078063965,19.723978042603,-1,4
1585903067.6859,-162.31994628906,19.895105361938,-1,4
1585903067.799,-162.7647857666,20.095834732056,-1,4
1585903067.9067,-163.14767456055,20.268617630005,-1,4
1585903068.0137,-163.5341796875,20.443033218384,-1,4
1585903068.1294,-163.91700744629,20.615816116333,-1,4
1585903068.2371,-164.3655090332,20.818216323853,-1,4
1585903068.3439,-164.68637084961,20.963010787964,-1,4
1585903068.4526,-165.09837341309,21.148931503296,-1,4
1585903068.5663,-165.54940795898,21.355293273926,-1,4
1585903068.6731,-165.89805603027,21.588111877441,-1,4
1585903068.7804,-166.21759033203,21.866743087769,-1,4
1585903068.8951,-166.53115844727,22.140127182007,-1,4
1585903069.0038,-166.90197753906,22.463426589966,-1,4
1585903069.1105,-167.20568847656,22.76411819458,-1,4
1585903069.2183,-167.47714233398,23.084537506104,-1,4
1585903069.327,-167.74607849121,23.401920318604,-1,4
1585903069.4417,-168.05897521973,23.771198272705,-1,4
1585903069.5495,-168.34591674805,24.109912872314,-1,4
1585903069.6569,-168.61228942871,24.424259185791,-1,4
1585903069.7646,-168.89497375488,24.745334625244,-1,4
1585903069.8732,-169.20329284668,25.018564224243,-1,4
1585903069.988,-169.57647705078,25.345315933228,-1,4
1585903070.0948,-169.89245605469,25.622007369995,-1,4
1585903070.2025,-170.21145629883,25.901342391968,-1,4
1585903070.3171,-170.57255554199,26.217596054077,-1,4
1585903070.4249,-170.8763885498,26.507293701172,-1,4
1585903070.5316,-171.17132568359,26.806442260742,-1,4
1585903070.6392,-171.46908569336,27.108436584473,-1,4
1585903070.7549,-171.8145904541,27.458892822266,-1,4
1585903070.8616,-172.11235046387,27.760913848877,-1,4
1585903070.9693,-172.41296386719,28.065807342529,-1,4
1585903071.0771,-172.71073913574,28.367816925049,-1,4
1585903071.1907,-173.00001525879,28.661251068115,-1,4
1585903071.2982,-173.33699035645,29.003158569336,-1,4
1585903071.405,-173.63191223145,29.302326202393,-1,4
1585903071.5186,-173.92683410645,29.601451873779,-1,4
1585903071.6267,-174.24143981934,29.920551300049,-1,4
1585903071.7345,-174.52784729004,30.211143493652,-1,4
1585903071.8485,-174.85652160645,30.544513702393,-1,4
1585903071.9572,-175.19914245605,30.892112731934,-1,4
1585903072.0651,-175.49690246582,31.194137573242,-1,4
1585903072.1718,-175.79182434082,31.493293762207,-1,4
1585903072.2795,-176.08959960938,31.795345306396,-1,4
1585903072.3931,-176.3816986084,32.091636657715,-1,4
1585903072.5018,-176.67945861816,32.393665313721,-1,4
1585903072.6086,-177.01928710938,32.738395690918,-1,4
1585903072.7232,-177.31707763672,33.040409088135,-1,4
1585903072.8319,-177.60636901855,33.333854675293,-1,4
1585903072.9387,-177.94902038574,33.681427001953,-1,4
1585903073.0461,-178.24395751953,33.980579376221,-1,4
1585903073.1599,-178.53604125977,34.276878356934,-1,4
1585903073.2675,-178.82528686523,34.5703125,-1,4
1585903073.3751,-179.17079162598,34.920757293701,-1,4
1585903073.4882,-179.46855163574,35.222774505615,-1,4
1585903073.595,-179.76345825195,35.521934509277,-1,4
1585903073.7036,-180.06126403809,35.823963165283,-1,4
1585903073.8109,-180.35618591309,36.123142242432,-1,4
1585903073.9257,-180.70167541504,36.473606109619,-1,4
1585903074.0331,-180.99092102051,36.767032623291,-1,4
1585903074.1408,-181.28869628906,37.069038391113,-1,4
1585903074.2491,-181.61448669434,37.399517059326,-1,4
1585903074.3638,-181.95436096191,37.744262695313,-1,4
1585903074.4715,-182.24928283691,38.04345703125,-1,4
1585903074.5793,-182.53855895996,38.336891174316,-1,4
1585903074.687,-182.83351135254,38.636085510254,-1,4
1585903074.8006,-183.18188476563,38.989406585693,-1,4
1585903074.9083,-183.47966003418,39.291431427002,-1,4
1585903075.0161,-183.78308105469,39.599174499512,-1,4
1585903075.1238,-184.07803344727,39.898338317871,-1,4
1585903075.2375,-184.37014770508,40.19465637207,-1,4
1585903075.3442,-184.66792297363,40.496711730957,-1,4
1585903075.453,-185.01063537598,40.844326019287,-1,4
1585903075.5607,-185.30276489258,41.140670776367,-1,4
1585903075.6753,-185.5948638916,41.436973571777,-1,4
1585903075.783,-185.91571044922,41.798496246338,-1,4
1585903075.8895,-186.12051391602,42.16442489624,-1,4
1585903076.0057,-186.32989501953,42.600704193115,-1,4
1585903076.1125,-186.51159667969,42.979335784912,-1,4
1585903076.2192,-186.69328308105,43.357959747314,-1,4
1585903076.3266,-186.87664794922,43.740169525146,-1,4
1585903076.4402,-187.05827331543,44.118785858154,-1,4
1585903076.547,-187.2399597168,44.497402191162,-1,4
1585903076.6546,-187.42501831055,44.883243560791,-1,4
1585903076.7693,-187.6326751709,45.315937042236,-1,4
1585903076.8782,-187.81436157227,45.694530487061,-1,4
1585903076.9858,-187.99774169922,46.076755523682,-1,4
1585903077.093,-188.17944335938,46.455341339111,-1,4
1585903077.2082,-188.38363647461,46.898368835449,-1,4
1585903077.3159,-188.53858947754,47.292922973633,-1,4
1585903077.4234,-188.69201660156,47.683788299561,-1,4
1585903077.5311,-188.8469543457,48.078365325928,-1,4
1585903077.6453,-189.02526855469,48.53247833252,-1,4
1585903077.7541,-189.18017578125,48.927047729492,-1,4
1585903077.8617,-189.33079528809,49.310436248779,-1,4
1585903077.9688,-189.50917053223,49.764541625977,-1,4
1585903078.0763,-189.66265869141,50.155387878418,-1,4
1585903078.1899,-189.81614685059,50.546237945557,-1,4
1585903078.2976,-189.9725189209,50.944496154785,-1,4
1585903078.4053,-190.12901306152,51.351303100586,-1,4
1585903078.52,-190.25427246094,51.814605712891,-1,4
1585903078.6288,-190.36183166504,52.220596313477,-1,4
1585903078.7364,-190.47041320801,52.630458831787,-1,4
1585903078.8441,-190.57801818848,53.036418914795,-1,4
1585903078.9528,-190.70498657227,53.515857696533,-1,4
1585903079.0661,-190.81253051758,53.921825408936,-1,4
1585903079.1738,-190.92008972168,54.327800750732,-1,4
1585903079.2805,-191.02560424805,54.726043701172,-1,4
1585903079.3945,-191.1516418457,55.20161819458,-1,4
1585903079.5034,-191.25819396973,55.603744506836,-1,4
1585903079.6098,-191.36573791504,56.009738922119,-1,4
1585903079.7239,-191.49272155762,56.489200592041,-1,4
1585903079.8315,-191.60231018066,56.902908325195,-1.25,4
1585903079.9392,-191.70779418945,57.301155090332,-1.25,4
1585903080.046,-191.81536865234,57.707145690918,-1.5,4
1585903080.1596,-191.92291259766,58.113117218018,-1.5,4
1585903080.2673,-192.04789733887,58.584838867188,-1.7091665267944,4
1585903080.3751,-192.15446472168,58.986896514893,-1.75,4
1585903080.4887,-192.2650604248,59.404438018799,-1.75,4
1585903080.5964,-192.37469482422,59.81812286377,-2,4
1585903080.7051,-192.49971008301,60.28978729248,-2,4
1585903080.8114,-192.60517883301,60.687965393066,-2,4
1585903080.9251,-192.71374511719,61.097763061523,-2,4
1585903081.0327,-192.82130432129,61.503700256348,-2,4
1585903081.1402,-192.94424438477,61.967609405518,-2,4
1585903081.2559,-193.05281066895,62.377422332764,-2,4
1585903081.3636,-193.16653442383,62.806583404541,-2,4
1585903081.4709,-193.27412414551,63.212512969971,-2,4
1585903081.5795,-193.38272094727,63.622314453125,-2,4
1585903081.6873,-193.48927307129,64.024353027344,-2,4
1585903081.7951,-193.61215209961,64.48828125,-2,4
1585903081.9088,-193.72076416016,64.898109436035,-2,4
1585903082.0156,-193.83143615723,65.315742492676,-2,4
1585903082.1242,-193.94000244141,65.725593566895,-2,4
1585903082.238,-194.06698608398,66.205039978027,-2,4
1585903082.3446,-194.17347717285,66.607124328613,-2,4
1585903082.4533,-194.2809753418,67.013084411621,-2,4
1585903082.567,-194.40797424316,67.492530822754,-2,4
1585903082.6747,-194.50015258789,67.840538024902,-2,4
1585903082.7824,-194.62408447266,68.308326721191,-2,4
1585903082.8901,-194.72961425781,68.706527709961,-2,4
1585903083.0052,-194.85458374023,69.178215026855,-2,4
1585903083.1123,-194.96215820313,69.584213256836,-2,4
1585903083.2199,-195.06869506836,69.986305236816,-2,4
1585903083.3287,-195.17729187012,70.396171569824,-2,4
1585903083.4364,-195.28485107422,70.802108764648,-2,4
1585903083.5507,-195.40975952148,71.273803710938,-2,4
1585903083.6584,-195.51522827148,71.672004699707,-2,4
1585903083.7661,-195.62274169922,72.077980041504,-2,4
1585903083.8748,-195.74661254883,72.545806884766,-2,4
1585903083.9825,-195.87127685547,72.95484161377,-2,4
1585903084.0973,-196.03773498535,73.340469360352,-2,4
1585903084.2059,-196.20419311523,73.726097106934,-2,4
1585903084.3136,-196.37228393555,74.115364074707,-2,4
1585903084.4213,-196.56887817383,74.570739746094,-2,4
1585903084.5358,-196.73364257813,74.952751159668,-2,4
1585903084.6434,-196.90173339844,75.342056274414,-2,4
1585903084.7521,-197.06651306152,75.724052429199,-2,4
1585903084.8599,-197.25823974609,76.168464660645,-2,4
1585903084.9733,-197.42300415039,76.550468444824,-2,4
1585903085.082,-197.58941650391,76.936096191406,-2,4
1585903085.1897,-197.78442382813,77.387870788574,-2,4
1585903085.2965,-197.95413208008,77.780776977539,-2,4
1585903085.4108,-198.12054443359,78.16641998291,-2,4
1585903085.5184,-198.28369140625,78.544738769531,-2,4
1585903085.6266,-198.47705078125,78.992797851563,-2,4
1585903085.7343,-198.64349365234,79.378425598145,-2,4
1585903085.848,-198.81158447266,79.767684936523,-2,4
1585903085.9567,-198.97958374023,80.157020568848,-2,4
1585903086.0641,-199.17292785645,80.605117797852,-2,4
1585903086.1709,-199.33934020996,80.990760803223,-2,4
1585903086.2854,-199.50743103027,81.380012512207,-2,4
1585903086.3932,-199.689453125,81.762603759766,-2,4
1585903086.501,-199.92102050781,82.112937927246,-2,4
1585903086.6086,-200.15461730957,82.461944580078,-2,4
1585903086.7223,-200.42604064941,82.867454528809,-2,4
1585903086.8308,-200.65737915039,83.213150024414,-2,4
1585903086.9385,-200.9310760498,83.622024536133,-2,4
1585903087.0452,-201.16690063477,83.974395751953,-2,4
1585903087.1589,-201.40051269531,84.323440551758,-2,4
1585903087.2666,-201.63189697266,84.669158935547,-2,4
1585903087.3753,-201.90084838867,85.06664276123,-2,4
1585903087.483,-202.18566894531,85.374565124512,-2,4
1585903087.5977,-202.48629760742,85.662155151367,-2,4
1585903087.7045,-202.78689575195,85.949760437012,-2,4
1585903087.8113,-203.13952636719,86.287147521973,-2,4
1585903087.925,-203.44592285156,86.580268859863,-2,4
1585903088.0323,-203.74655151367,86.86791229248,-2,4
1585903088.1401,-204.05299377441,87.161056518555,-2,4
1585903088.2488,-204.35940551758,87.454154968262,-2,4
1585903088.3631,-204.72076416016,87.799819946289,-2,4
1585903088.4701,-205.02139282227,88.087463378906,-2,4
1585903088.5788,-205.31622314453,88.369560241699,-2,4
1585903088.6865,-205.67175292969,88.709739685059,-2,4
1585903088.8011,-205.97819519043,89.002883911133,-2,4
1585903088.9077,-206.28175354004,89.293251037598,-2,4
1585903089.0149,-206.59399414063,89.59188079834,-2,4
1585903089.1235,-206.89749145508,89.882209777832,-2,4
1585903089.2372,-207.24723815918,90.216850280762,-2,4
1585903089.345,-207.54786682129,90.504486083984,-2,4
1585903089.4536,-207.84848022461,90.792083740234,-2,4
1585903089.5613,-208.19534301758,91.123954772949,-2,4
1585903089.6761,-208.50465393066,91.419853210449,-2,4
1585903089.7838,-208.81108093262,91.71297454834,-2,4
1585903089.8915,-209.11750793457,92.006088256836,-2,4
1585903090.0002,-209.42681884766,92.301956176758,-2,4
1585903090.1079,-209.77944946289,92.639350891113,-2,4
1585903090.2217,-210.08006286621,92.927017211914,-2,4
1585903090.3301,-210.38652038574,93.220115661621,-2,4
1585903090.4378,-210.6918182373,93.508544921875,-2,4
1585903090.545,-211.09762573242,93.777732849121,-2,4
1585903090.6582,-211.46463012695,93.98193359375,-2,4
1585903090.7659,-211.8246307373,94.182243347168,-2,4
1585903090.8746,-212.25457763672,94.421463012695,-2,4
1585903090.988,-212.62156677246,94.625671386719,-2,4
1585903091.0959,-212.99967956543,94.807090759277,-2,4
1585903091.2046,-213.40156555176,94.929496765137,-2,4
1585903091.3119,-213.82336425781,95.055305480957,-2,4
1585903091.4253,-214.29507446289,95.196006774902,-2,4
1585903091.5319,-214.69389343262,95.315010070801,-2,4
1585903091.6396,-215.08891296387,95.432876586914,-2,4
1585903091.7557,-215.56440734863,95.57470703125,-2,4
1585903091.8636,-215.97093200684,95.695953369141,-2,4
1585903091.9703,-216.37419128418,95.813598632813,-2,4
1585903092.0789,-216.78045654297,95.90299987793,-2,4
1585903092.1866,-217.19845581055,95.994979858398,-2,4
1585903092.3004,-217.67890930176,96.100708007813,-2,4
1585903092.407,-218.08512878418,96.190086364746,-2,4
1585903092.5137,-218.49526977539,96.28035736084,-2,4
1585903092.6294,-218.90544128418,96.37060546875,-2,4
1585903092.7368,-219.38592529297,96.476333618164,-2,4
1585903092.8445,-219.80000305176,96.567451477051,-2,4
1585903092.9533,-220.21795654297,96.659439086914,-2,4
1585903093.0665,-220.63597106934,96.751419067383,-2,4
1585903093.1743,-221.04608154297,96.841659545898,-2,4
1585903093.282,-221.52052307129,96.908325195313,-2,4
1585903093.389,-221.93629455566,96.923477172852,-2,4
1585903093.5051,-222.35607910156,96.938766479492,-2,4
1585903093.6129,-222.84378051758,96.956527709961,-2,4
1585903093.7206,-223.25959777832,96.9716796875,-2,4
1585903093.8293,-223.67535400391,96.986839294434,-2,4
1585903093.937,-224.09512329102,97.002105712891,-2,4
1585903094.0518,-224.57489013672,97.019630432129,-2,4
1585903094.1585,-224.99464416504,97.03491973877,-2,4
1585903094.2661,-225.41438293457,97.05020904541,-2,4
1585903094.3748,-225.83413696289,97.065498352051,-2,4
1585903094.4826,-226.31782531738,97.083152770996,-2,4
1585903094.5963,-226.73358154297,97.09831237793,-2,4
1585903094.7049,-227.14930725098,97.113479614258,-2,4
1585903094.8126,-227.63697814941,97.131240844727,-2,4
1585903094.9252,-228.0606842041,97.146629333496,-2,4
1585903095.0328,-228.4764251709,97.16178894043,-2,4
1585903095.1399,-228.89614868164,97.17707824707,-2,4
1585903095.2486,-229.3759765625,97.194595336914,-2,4
1585903095.3625,-229.79968261719,97.210006713867,-2,4
1585903095.4696,-230.20753479004,97.224906921387,-2,4
1585903095.5778,-230.6392364502,97.24055480957,-2,4
1585903095.692,-231.12303161621,97.258232116699,-2,4
1585903095.7988,-231.53880310059,97.273399353027,-2,4
1585903095.9055,-231.9506072998,97.288459777832,-2,4
1585903096.0201,-232.44232177734,97.306373596191,-2,4
1585903096.1289,-232.86207580566,97.321685791016,-2.25,4
1585903096.236,-233.28184509277,97.336990356445,-2.25,4
1585903096.3437,-233.71360778809,97.352714538574,-2.5,4
1585903096.4516,-234.13336181641,97.368003845215,-2.5,4
1585903096.5653,-234.62907409668,97.386047363281,-2.7081658840179,4
1585903096.6729,-235.052734375,97.401466369629,-2.75,4
1585903096.7796,-235.47241210938,97.416763305664,-2.75,4
1585903096.8941,-235.88815307617,97.43196105957,-3,4
1585903097.0028,-236.3797454834,97.449882507324,-3,4
1585903097.1104,-236.78750610352,97.464828491211,-3.2081682682037,4
1585903097.2182,-237.19923400879,97.479927062988,-3.25,4
1585903097.3264,-237.62307739258,97.487518310547,-3.4581682682037,4
1585903097.4408,-238.11090087891,97.468612670898,-3.5,4
1585903097.5476,-238.53465270996,97.452178955078,-3.5,4
1585903097.6554,-238.95835876465,97.435760498047,-3.75,4
1585903097.7701,-239.45014953613,97.424263000488,-3.75,4
1585903097.8789,-239.86604309082,97.437705993652,-4,4
1585903097.9866,-240.28991699219,97.451454162598,-4,4
1585903098.0942,-240.70976257324,97.465042114258,-4,4
1585903098.203,-241.12963867188,97.478614807129,-4,4
1585903098.3107,-241.61752319336,97.49439239502,-4,4
1585903098.4255,-242.03739929199,97.50798034668,-4,4
1585903098.5331,-242.4573059082,97.521560668945,-4,4
1585903098.6408,-242.93717956543,97.537040710449,-4,4
1585903098.7496,-243.36108398438,97.550773620605,-4,4
1585903098.8635,-243.77696228027,97.56420135498,-4,4
1585903098.9711,-244.26483154297,97.579978942871,-4,4
1585903099.0795,-244.69273376465,97.593849182129,-4,4
1585903099.1863,-245.10862731934,97.607276916504,-4,4
1585903099.3005,-245.5164642334,97.620414733887,-4,4
1585903099.4083,-246.0002746582,97.636039733887,-4,4
1585903099.5161,-246.42015075684,97.649642944336,-4,4
1585903099.6247,-246.80799865723,97.662208557129,-4,4
1585903099.7394,-247.2958984375,97.677963256836,-4,4
1585903099.8462,-247.70373535156,97.691108703613,-4,4
1585903099.9548,-248.19961547852,97.707176208496,-4,4
1585903100.0615,-248.6234588623,97.720916748047,-4,4
1585903100.1763,-249.04333496094,97.734512329102,-4,4
1585903100.2836,-249.46318054199,97.748107910156,-4,4
1585903100.3904,-249.88299560547,97.761688232422,-4,4
1585903100.499,-250.30686950684,97.775421142578,-4,4
1585903100.6135,-250.80271911621,97.791496276855,-4,4
1585903100.7212,-251.25856018066,97.806251525879,-4,4
1585903100.8288,-251.67846679688,97.819831848145,-4,4
1585903100.9361,-252.09429931641,97.83325958252,-4,4
1585903101.05,-252.57405090332,97.848754882813,-4,4
1585903101.1563,-252.9979095459,97.862510681152,-4,4
1585903101.2699,-253.41770935059,97.876091003418,-4,4
1585903101.3787,-253.83355712891,97.889541625977,-4,4
1585903101.4864,-254.31739807129,97.905166625977,-4,4
1585903101.5941,-254.6852722168,97.917045593262,-4,4
1585903101.7028,-255.17713928223,97.932907104492,-4,4
1585903101.8165,-255.5969543457,97.946502685547,-4,4
1585903101.9242,-256.0087890625,97.959815979004,-4,4
1585903102.0319,-256.42071533203,97.973114013672,-4,4
1585903102.1387,-256.71255493164,97.982765197754,-4,4
1585903102.2553,-256.57257080078,97.978797912598,-4,4
1585903102.363,-256.57257080078,97.978797912598,-4,4
1585903102.4707,-256.57257080078,97.978797912598,-4,4
1585903102.5794,-256.57257080078,97.978797912598,-4,4
1585903102.6868,-256.57257080078,97.978797912598,-4,4
1585903102.8012,-256.57257080078,97.978797912598,-4,4
1585903102.9089,-256.57257080078,97.978797912598,-4,4
1585903103.0157,-256.57257080078,97.978797912598,-4,4
1585903103.1243,-256.57257080078,97.978797912598,-4,4
1585903103.238,-256.57257080078,97.978797912598,-4,4
1585903103.3458,-256.57257080078,97.978797912598,-4,4
1585903103.4544,-256.57257080078,97.978797912598,-4,4
1585903103.5622,-256.57257080078,97.978797912598,-4,4
1585903103.6769,-256.57257080078,97.978797912598,-4,4
1585903103.7845,-256.57257080078,97.978797912598,-4,4
1585903103.8922,-256.57257080078,97.978797912598,-4,4
1585903104.001,-256.57257080078,97.978797912598,-4,4
1585903104.1083,-256.57257080078,97.978797912598,-4,4
1585903104.222,-256.57257080078,97.978797912598,-4,4
1585903104.3302,-256.57257080078,97.978797912598,-4,4
1585903104.4377,-256.57257080078,97.978797912598,-4,4
1585903104.5451,-256.57257080078,97.978797912598,-4,4
1585903104.6583,-256.57257080078,97.978797912598,-4,4
1585903104.766,-256.57257080078,97.978797912598,-4,4
