230,nil,nil
1684842898.4413,161,161,-2,4
1684842898.5419,161,161,-2,4
1684842898.649,161,161,-2,4
1684842898.7633,161,161,-2,4
1684842898.8708,161,161,-2,4
1684842898.9775,160.92663574219,160.72982788086,-2,4
1684842899.0857,160.81660461426,160.32456970215,-2,4
1684842899.2004,160.70486450195,159.91151428223,-2,4
1684842899.3081,160.5944519043,159.50210571289,-2,4
1684842899.4168,160.48313903809,159.08898925781,-2,4
1684842899.5245,160.35302734375,158.60614013672,-2,4
1684842899.6322,160.25918579102,158.25863647461,-2,4
1684842899.7469,160.13079833984,157.78372192383,-2,4
1684842899.8546,160.01977539062,157.37451171875,-2,4
1684842899.9633,159.9075012207,156.96159362793,-2,4
1684842900.071,159.79490661621,156.54867553711,-2,4
1684842900.1787,159.68095397949,156.13204956055,-2,4
1684842900.2954,159.54989624023,155.6537322998,-2,4
1684842900.4028,159.4395904541,155.25259399414,-2,4
1684842900.51,159.32690429688,154.84381103516,-2,4
1684842900.6173,159.21284484863,154.4312286377,-2,4
1684842900.7315,159.08029174805,153.95327758789,-2,4
1684842900.8403,158.96676635742,153.54473876953,-2,4
1684842900.948,158.85400390625,153.14030456543,-2,4
1684842901.0547,158.7398223877,152.73193359375,-2,4
1684842901.1704,158.76321411133,152.28070068359,-2,4
1684842901.2781,158.96952819824,151.91944885254,-2,4
1684842901.3848,159.18597412109,151.55953979492,-2,4
1684842901.4915,159.4167175293,151.20387268066,-2,4
1684842901.6062,159.65913391113,150.86090087891,-2,4
1684842901.7139,159.80401611328,150.43855285645,-2,4
1684842901.8213,159.76838684082,150.02012634277,-2,4
1684842901.929,159.7403717041,149.5890045166,-2,4
1684842902.0457,159.71257019043,149.09385681152,-2,4
1684842902.153,159.94198608398,148.76368713379,-2,4
1684842902.2602,160.23043823242,148.45289611816,-2,4
1684842902.368,160.52223205566,148.15640258789,-2,4
1684842902.4756,160.58462524414,147.75828552246,-2,4
1684842902.5923,160.61340332031,147.26313781738,-2,4
1684842902.7001,160.64323425293,146.8522644043,-2,4
1684842902.8078,160.67449951172,146.43353271484,-2,4
1684842902.9165,160.70512390137,146.02275085449,-2,4
1684842903.0242,160.74058532715,145.54814147949,-2,4
1684842903.1319,160.77188110352,145.12933349609,-2,4
1684842903.2466,160.80732727051,144.65480041504,-2,4
1684842903.3536,160.83862304688,144.23606872559,-2,4
1684842903.4623,160.86930847168,143.82530212402,-2,4
1684842903.57,160.90087890625,143.40255737305,-2,4
1684842903.6847,160.93786621094,142.90802001953,-2,4
1684842903.7934,160.96946716309,142.48532104492,-2,4
1684842903.9001,161.00015258789,142.07455444336,-2,4
1684842904.0078,161.03085327148,141.66371154785,-2,4
1684842904.1215,161.06716918945,141.17715454102,-2,4
1684842904.2292,161.0984954834,140.75848388672,-2,4
1684842904.3379,161.13014221191,140.33576965332,-2,4
1684842904.4456,161.16081237793,139.92503356934,-2,4
1684842904.5603,161.19622802734,139.4504699707,-2,4
1684842904.669,161.22720336914,139.0357208252,-2,4
1684842904.7768,161.2632598877,138.55320739746,-2,4
1684842904.8845,161.29356384277,138.14642333984,-2,4
1684842904.9912,161.32423400879,137.73565673828,-2,4
1684842905.1053,161.36058044434,137.2491607666,-2,4
1684842905.2134,161.3921661377,136.82643127441,-2,4
1684842905.3206,161.42317199707,136.41166687012,-2,4
1684842905.4348,161.45478820801,135.98892211914,-2,4
1684842905.5431,161.49211120605,135.49038696289,-2,4
1684842905.6508,161.52401733398,135.06369018555,-2,4
1684842905.7585,161.55592346191,134.63697814941,-2,4
1684842905.8662,161.58755493164,134.21423339844,-2,4
1684842905.9809,161.61918640137,133.79151916504,-2,4
1684842906.0896,161.63514709473,133.36027526855,-2,4
1684842906.1973,161.56611633301,132.95092773438,-2,4
1684842906.305,161.40852355957,132.48495483398,-2,4
1684842906.4132,161.26922607422,132.08032226562,-2,4
1684842906.5279,161.12866210938,131.671875,-2,4
1684842906.6356,160.98936462402,131.26722717285,-2,4
1684842906.7434,160.84878540039,130.8588104248,-2,4
1684842906.8511,160.70819091797,130.45039367676,-2,4
1684842906.9673,160.50665283203,129.98977661133,-2,4
1684842907.075,160.25888061523,129.6510925293,-2,4
1684842907.1827,159.99099731445,129.31216430664,-2,4
1684842907.2914,159.72801208496,128.97946166992,-2,4
1684842907.3991,159.46504211426,128.64678955078,-2,4
1684842907.5068,159.19715881348,128.30786132812,-2,4
1684842907.6215,158.93421936035,127.97521209717,-2,4
1684842907.7292,158.62664794922,127.58605957031,-2,4
1684842907.8379,158.40594482422,127.30679321289,-2,4
1684842907.9452,158.09594726562,126.91446685791,-2,4
1684842908.0599,157.83303833008,126.58183288574,-2,4
1684842908.1686,157.5676574707,126.24610137939,-2,4
1684842908.2763,157.2998046875,125.90718078613,-2,4
1684842908.384,157.03688049316,125.57452392578,-2,4
1684842908.4912,156.77645874023,125.24504089355,-2,4
1684842908.6054,156.47874450684,124.86843109131,-2,4
1684842908.7136,156.2183380127,124.53897094727,-2,4
1684842908.8214,155.96279907227,124.21576690674,-2,4
1684842908.9291,155.65771484375,123.8297958374,-2,4
1684842909.0458,155.39727783203,123.5002822876,-2,4
1684842909.1535,155.13932800293,123.17389678955,-2,4
1684842909.2612,154.87886047363,122.84439849854,-2,4
1684842909.3679,154.58360290527,122.47094726562,-2,4
1684842909.4756,154.32313537598,122.14147186279,-2,4
1684842909.5923,154.01554870605,121.75235748291,-2,4
1684842909.7,153.73614501953,121.428565979,-2,4
1684842909.8077,153.44961547852,121.11615753174,-2,4
1684842909.9164,153.16040039062,120.80080413818,-2,4
1684842910.0241,152.87387084961,120.48841094971,-2,4
1684842910.1383,152.5510559082,120.11753082275,-2,4
1684842910.2461,152.33030700684,119.83825683594,-2,4
1684842910.3538,152.01783752441,119.44287109375,-2,4
1684842910.4625,151.75247192383,119.10713195801,-2,4
1684842910.5702,151.48710632324,118.7713470459,-2,4
1684842910.6849,151.20375061035,118.45098114014,-2,4
1684842910.7936,150.91450500488,118.13563537598,-2,4
1684842910.9013,150.62525939941,117.82029724121,-2,4
1684842911.0085,150.34141540527,117.51085662842,-2,4
1684842911.1162,150.05967712402,117.18350219727,-2,4
1684842911.2309,149.74362182617,116.81163787842,-2,4
1684842911.3396,149.51567077637,116.54343414307,-2,4
1684842911.4473,149.18664550781,116.15635681152,-2,4
1684842911.5546,148.91665649414,115.83472442627,-2,4
1684842911.6703,148.60980224609,115.44498443604,-2,4
1684842911.778,148.3475189209,115.11180877686,-2,4
1684842911.8847,148.09271240234,114.78806304932,-2,4
1684842911.9924,147.83540344238,114.46120452881,-2,4
1684842912.1071,147.52146911621,114.08265686035,-2,4
1684842912.2158,147.23284912109,113.76663970947,-2,4
1684842912.3235,146.94151306152,113.44765472412,-2,4
1684842912.4312,146.6529083252,113.13164520264,-2,4
1684842912.5394,146.37292480469,112.81351470947,-2,4
1684842912.6536,146.111328125,112.47975158691,-2,4
1684842912.7609,145.84484863281,112.13974761963,-2,4
1684842912.8686,145.58573913574,111.80912017822,-2,4
1684842912.9763,145.32417297363,111.47534179688,-2,4
1684842913.085,145.02062988281,111.08804321289,-2,4
1684842913.1992,144.76148986816,110.7574005127,-2,4
1684842913.3065,144.5072479248,110.43299102783,-2,4
1684842913.4147,144.20372009277,110.04566955566,-2,4
1684842913.5294,143.94458007812,109.71502685547,-2,4
1684842913.6371,143.68550109863,109.38438415527,-2,4
1684842913.7448,143.38931274414,109.00648498535,-2,4
1684842913.8525,143.13265991211,108.6789932251,-2,4
1684842913.9632,142.87844848633,108.35465240479,-2,4
1684842914.0704,142.57981872559,107.97359466553,-2,4
1684842914.1851,142.32070922852,107.64298248291,-2,4
1684842914.2938,142.05912780762,107.30919647217,-2,4
1684842914.4016,141.80003356934,106.97855377197,-2,4
1684842914.5093,141.4965057373,106.59127044678,-2,4
1684842914.617,141.24235534668,106.26697540283,-2,4
1684842914.7311,140.9832611084,105.9363861084,-2,4
1684842914.8393,140.71923828125,105.59951019287,-2,4
1684842914.947,140.41819763184,105.21537017822,-2,4
1684842915.0548,140.1615447998,104.88789367676,-2,4
1684842915.1635,139.90242004395,104.55725860596,-2,4
1684842915.2782,139.63592529297,104.21722412109,-2,4
1684842915.3859,139.33485412598,103.83303070068,-2,4
1684842915.4936,139.07325744629,103.49923706055,-2,4
1684842915.6013,138.81663513184,103.1717300415,-2,4
1684842915.71,138.55996704102,102.84423065186,-2,4
1684842915.8247,138.25645446777,102.45693969727,-2,4
1684842915.9324,137.99980163574,102.12942504883,-2,4
1684842916.0402,137.73823547363,101.79570007324,-2,4
1684842916.1477,137.48403930664,101.47133636475,-1.75,4
1684842916.2619,137.18299865723,101.08717346191,-1.5019998550415,4
1684842916.3685,136.92390441895,100.7565536499,-1.5,4
1684842916.4762,136.66975402832,100.43222808838,-1.25,4
1684842916.5929,136.36624145508,100.04496002197,-1.2081664800644,4
1684842916.7006,136.10960388184,99.717506408691,-1,4
1684842916.808,135.84562683105,99.380645751953,-0.75200057029724,4
1684842916.9167,135.58898925781,99.05313873291,-0.70816671848297,4
1684842917.0245,135.29042053223,98.67211151123,-0.5,4
1684842917.1322,135.03131103516,98.341491699219,-0.5,4
1684842917.2459,134.76484680176,98.001510620117,-0.25,4
1684842917.3526,134.50576782227,97.670906066895,0,4
1684842917.4613,134.24913024902,97.343444824219,0,4
1684842917.576,133.95054626465,96.962440490723,0,4
1684842917.6828,133.69148254395,96.631851196289,0,4
1684842917.7914,133.4274597168,96.294975280762,0,4
1684842917.8992,133.17085266113,95.967514038086,0,4
1684842918.0069,132.87229919434,95.586502075195,0,4
1684842918.1216,132.61320495605,95.255882263184,0,4
1684842918.2293,132.35902404785,94.931549072266,0,4
1684842918.338,132.06044006348,94.550537109375,0,4
1684842918.4457,131.80133056641,94.219932556152,0,4
1684842918.5604,131.50274658203,93.838912963867,0,4
1684842918.6691,131.24612426758,93.511444091797,0,4
1684842918.7763,130.98951721191,93.183975219727,0,4
1684842918.884,130.73039245605,92.85334777832,0,4
1684842918.9917,130.47131347656,92.522720336914,0,4
1684842919.1064,130.17517089844,92.144874572754,0,4
1684842919.2151,129.92100524902,91.820541381836,0,4
1684842919.3229,129.62242126465,91.43953704834,0,4
1684842919.43,129.36578369141,91.11205291748,0,4
1684842919.5389,129.10424804688,90.778312683105,0,4
1684842919.653,128.84515380859,90.447738647461,0,4
1684842919.7609,128.54411315918,90.063583374023,0,4
1684842919.8687,128.2875213623,89.736137390137,0,4
1684842919.9764,128.02597045898,89.402404785156,0,4
1684842920.0851,127.7668762207,89.071800231934,0,4
1684842920.1998,127.46830749512,88.690818786621,0,4
1684842920.3075,127.21166229248,88.36336517334,0,4
1684842920.4162,126.93207550049,88.045150756836,0,4
1684842920.5239,126.63793182373,87.745231628418,0,4
1684842920.6386,126.29055023193,87.391052246094,0,4
1684842920.7463,125.99356842041,87.088256835938,0,4
1684842920.854,125.69580078125,86.780769348145,0,4
1684842920.9627,125.42512512207,86.459648132324,0,4
1684842921.0699,125.15702056885,86.141555786133,0,4
1684842921.1846,124.83737945557,85.762313842773,0,4
1684842921.2933,124.56412506104,85.438102722168,0,4
1684842921.401,124.29085540771,85.113883972168,0,4
1684842921.5087,124.02275085449,84.795791625977,0,4
1684842921.6164,123.75206756592,84.474655151367,0,4
1684842921.7302,123.4349899292,84.098472595215,0,4
1684842921.8389,123.166847229,83.78035736084,0,4
1684842921.9465,122.89102172852,83.453094482422,0,4
1684842922.0543,122.62036132812,83.131950378418,0,4
1684842922.1697,122.30583953857,82.758804321289,0,4
1684842922.2773,122.03772735596,82.440711975098,0,4
1684842922.385,121.77223205566,82.12572479248,0,4
1684842922.4915,121.46287536621,81.758689880371,0,4
1684842922.6061,121.19220733643,81.437553405762,0,4
1684842922.7148,120.92152404785,81.116401672363,0,4
1684842922.8225,120.60444641113,80.740196228027,0,4
1684842922.9303,120.33889770508,80.425163269043,0,4
1684842923.0459,120.0682220459,80.104019165039,0,4
1684842923.1527,119.75628662109,79.733947753906,0,4
1684842923.2594,119.48817443848,79.41584777832,0,4
1684842923.3672,119.22008514404,79.097778320312,0,4
1684842923.4818,118.90300750732,78.721588134766,0,4
1684842923.5906,118.63233184814,78.400444030762,0,4
1684842923.6983,118.36423492432,78.082374572754,0,4
1684842923.805,118.08582305908,77.752044677734,0,4
1684842923.9136,117.82029724121,77.437026977539,0,4
1684842924.0273,117.5032043457,77.060821533203,0,4
1684842924.1347,117.23509216309,76.742721557617,0,4
1684842924.2425,116.96698760986,76.42463684082,0,4
1684842924.3571,116.6473236084,76.045372009277,0,4
1684842924.4651,116.37663269043,75.724227905273,0,4
1684842924.573,116.108543396,75.406135559082,0,4
1684842924.6797,115.84046173096,75.088066101074,0,4
1684842924.795,115.52853393555,74.717994689941,0,4
1684842924.9026,115.25527954102,74.39380645752,0,4
1684842925.0103,114.98202514648,74.069602966309,0,4
1684842925.118,114.71392059326,73.75154876709,0,4
1684842925.2257,114.44841003418,73.436531066895,0,4
1684842925.3424,114.14163970947,73.072547912598,0,4
1684842925.4501,113.86839294434,72.748344421387,0,4
1684842925.5569,113.5951385498,72.424156188965,0,4
1684842925.6647,113.28065490723,72.051010131836,0,4
1684842925.7783,113.01253509521,71.732925415039,0,4
1684842925.8848,112.7444152832,71.414833068848,0,4
1684842925.9924,112.46858215332,71.087577819824,0,4
1684842926.1052,112.15663909912,70.717498779297,0.25,4
1684842926.2139,111.88596343994,70.396331787109,0.49800002574921,4
1684842926.3206,111.61785888672,70.078224182129,0.54183346033096,4
1684842926.4342,111.30591583252,69.708145141602,0.75,4
1684842926.5419,111.03524017334,69.387001037598,0.75,4
1684842926.6496,110.76713562012,69.068901062012,1,4
1684842926.7574,110.49645233154,68.747772216797,1.2480001449585,4
1684842926.8721,110.17938232422,68.371574401855,1.25,4
1684842926.9798,109.91386413574,68.05655670166,1.5,4
1684842927.0885,109.64321136475,67.735420227051,1.6245005130768,4
1684842927.1952,109.33129882812,67.365364074707,1.7918334007263,4
1684842927.3088,109.06320953369,67.047294616699,2,4
1684842927.4165,108.79254150391,66.72615814209,2.0418336391449,4
1684842927.5242,108.52444458008,66.408081054688,2.25,4
1684842927.6319,108.2537689209,66.086944580078,2.2918331623077,4
1684842927.7466,107.93669128418,65.710754394531,2.5418331623077,4
1684842927.8543,107.66597747803,65.389625549316,2.75,4
1684842927.9626,107.39527893066,65.068450927734,2.7918334007263,4
1684842928.0704,107.08592987061,64.701400756836,3,4
1684842928.1842,106.81523132324,64.380256652832,3.25,4
1684842928.2918,106.54454040527,64.059112548828,3.25,4
1684842928.3987,106.26608276367,63.728759765625,3.5,4
1684842928.5134,105.95154571533,63.35559463501,3.7479991912842,4
1684842928.6211,105.68087005615,63.034408569336,3.7918329238892,4
1684842928.7289,105.41019439697,62.713241577148,4,4
1684842928.8375,105.13693237305,62.38899230957,4,4
1684842928.9452,104.82499694824,62.018890380859,4,4
1684842929.0599,104.56651306152,61.688335418701,4,4
1684842929.1686,104.34777832031,61.334522247314,4,4
1684842929.2763,104.09328460693,60.922878265381,4,4
1684842929.3832,103.87454223633,60.56909942627,4,4
1684842929.4968,103.65789031982,60.218688964844,4,4
1684842929.6036,103.40337371826,59.807052612305,4,4
1684842929.7123,103.18252563477,59.449851989746,4,4
1684842929.8259,102.96379852295,59.096069335938,4,4
1684842929.9336,102.72274017334,58.676898956299,4,4
1684842930.0424,102.56803894043,58.286441802979,4,4
1684842930.1497,102.41268920898,57.887630462646,4,4
1684842930.2629,102.25735473633,57.488826751709,4,4
1684842930.3702,102.10488128662,57.097431182861,4,4
1684842930.4779,101.95097351074,56.702331542969,4,4
1684842930.5866,101.77380371094,56.247604370117,4,4
1684842930.6943,101.62134552002,55.856231689453,4,4
1684842930.809,101.46601867676,55.457397460938,4,4
1684842930.9168,101.31210327148,55.062301635742,4,4
1684842931.0245,101.16960906982,54.675868988037,4,4
1684842931.1322,101.05904388428,54.204776763916,4,4
1684842931.2469,100.96536254883,53.795444488525,4,4
1684842931.3546,100.85654449463,53.319820404053,4,4
1684842931.4634,100.76378631592,52.914402008057,4,4
1684842931.5707,100.67101287842,52.508953094482,4,4
1684842931.6855,100.55953216553,52.021617889404,4,4
1684842931.7942,100.46675872803,51.616176605225,4,4
1684842931.9005,100.37130737305,51.198986053467,4,4
1684842932.0081,100.27853393555,50.793529510498,4,4
1684842932.1215,100.17238616943,50.329616546631,4,4
1684842932.2291,100.07961273193,49.924175262451,4,4
1684842932.337,99.985969543457,49.514808654785,4,4
1684842932.4446,99.892288208008,49.10546875,4,4
1684842932.5588,99.781677246094,48.62202835083,4,4
1684842932.6676,99.688011169434,48.212673187256,4,4
1684842932.7753,99.593467712402,47.799407958984,4,4
1684842932.8829,99.501571655273,47.397853851318,4,4
1684842932.9977,99.393646240234,46.926136016846,4,4
1684842933.1053,99.3017578125,46.524578094482,4,4
1684842933.2131,99.208984375,46.119113922119,4,4
1684842933.3209,99.101943969727,45.651279449463,4,4
1684842933.4354,99.009178161621,45.245838165283,4,4
1684842933.5442,98.901245117188,44.774112701416,4,4
1684842933.6519,98.807571411133,44.364749908447,4,4
1684842933.7584,98.713012695312,43.951496124268,4,4
1684842933.8731,98.620246887207,43.546047210693,4,4
1684842933.9807,98.526588439941,43.13667678833,4,4
1684842934.0892,98.420433044434,42.672740936279,4,4
1684842934.1959,98.326774597168,42.263366699219,4,4
1684842934.3105,98.219718933105,41.79553604126,4,4
1684842934.4193,98.126945495605,41.390087127686,4,4
1684842934.5269,98.035957336426,40.992420196533,4,4
1684842934.6347,97.942291259766,40.583057403564,4,4
1684842934.7424,97.833473205566,40.107418060303,4,4
1684842934.856,97.740699768066,39.701953887939,4,4
1684842934.9648,97.646125793457,39.288677215576,4,4
1684842935.0715,97.538185119629,38.816928863525,4,4
1684842935.1792,97.445419311523,38.411468505859,4,4
1684842935.2959,97.349960327148,37.994297027588,4,4
1684842935.4036,97.24201965332,37.522556304932,4,4
1684842935.5102,97.149253845215,37.117084503174,4,4
1684842935.6169,97.055595397949,36.707721710205,4,4
1684842935.7312,96.962814331055,36.302249908447,4,4
1684842935.84,96.852210998535,35.818813323975,4,4
1684842935.9478,96.759429931641,35.413345336914,4,4
1684842936.0546,96.666664123535,35.007884979248,4,4
1684842936.1632,96.574775695801,34.60631942749,4,4
1684842936.278,96.467720031738,34.138477325439,4,4
1684842936.3853,96.374061584473,33.729099273682,4,4
1684842936.4921,96.281280517578,33.323631286621,4,4
1684842936.6058,96.171562194824,32.844081878662,4,4
1684842936.7135,96.078788757324,32.438610076904,4,4
1684842936.8202,95.98600769043,32.033145904541,4,4
1684842936.9339,95.878112792969,31.561336517334,4,4
1684842937.0425,95.787200927734,31.163593292236,4,4
1684842937.1493,95.688209533691,30.730785369873,4,4
1684842937.257,95.596405029297,30.329147338867,4,4
1684842937.3716,95.489448547363,29.861223220825,4,4
1684842937.4794,95.396728515625,29.455703735352,4,4
1684842937.588,95.301292419434,29.03851890564,4,4
1684842937.6948,95.206756591797,28.625225067139,4,4
1684842937.8093,95.097961425781,28.149536132812,4,4
1684842937.9182,95.005249023438,27.744012832642,4,4
1684842938.0249,94.91162109375,27.334590911865,4,4
1684842938.138,94.817977905273,26.925188064575,4,4
1684842938.2453,94.709182739258,26.449493408203,4,4
1684842938.3521,94.618255615234,26.051769256592,4,4
1684842938.4607,94.526489257812,25.65013885498,4,4
1684842938.5745,94.417694091797,25.174446105957,4,4
1684842938.6822,94.324058532715,24.765035629272,4,4
1684842938.7899,94.230400085449,24.355634689331,4,4
1684842938.8976,94.138572692871,23.954015731812,4,4
1684842939.0118,94.030731201172,23.482204437256,4,4
1684842939.1194,93.93620300293,23.068906784058,4,4
1684842939.2271,93.842567443848,22.659479141235,4,4
1684842939.3359,93.748031616211,22.246181488037,4,4
1684842939.4496,93.638320922852,21.766582489014,4,4
1684842939.5573,93.545600891113,21.361057281494,4,4
1684842939.6659,93.452903747559,20.955535888672,4,4
1684842939.7736,93.337966918945,20.485563278198,4,4
1684842939.887,93.180839538574,20.100593566895,4,4
1684842939.9947,93.011299133301,19.707588195801,4,4
1684842940.1023,92.846580505371,19.325605392456,4,4
1684842940.2106,92.678665161133,18.936279296875,4,4
1684842940.3245,92.48380279541,18.48451423645,4,4
1684842940.4312,92.319068908691,18.1025390625,3.75,4
1684842940.539,92.155937194824,17.724248886108,3.75,4
1684842940.6538,91.962669372559,17.276166915894,3.75,4
1684842940.7605,91.794738769531,16.886842727661,3.75,4
1684842940.8682,91.614936828613,16.507658004761,3.5,4
1684842940.9759,91.394859313965,16.149911880493,3.5,4
1684842941.0916,91.141227722168,15.73768901825,3.5,4
1684842941.1983,90.923202514648,15.383402824402,3.2918329238892,4
1684842941.306,90.703071594238,15.025721549988,3.25,4
1684842941.4147,90.480834960938,14.664618492126,3.25,4
1684842941.5285,90.225067138672,14.249011039734,3.1235001087189,4
1684842941.6361,90.002777099609,13.892714500427,3,4
1684842941.7438,89.746574401855,13.559978485107,3,4
1684842941.8572,89.443901062012,13.172103881836,2.75,4
1684842941.966,89.187965393066,12.844150543213,2.75,4
1684842942.0733,88.929580688477,12.513029098511,2.75,4
1684842942.181,88.676109313965,12.188228607178,2.75,4
1684842942.289,88.383232116699,11.812995910645,2.5,4
1684842942.4035,88.127296447754,11.485042572021,2.5,4
1684842942.5108,87.868911743164,11.153921127319,2.5,4
1684842942.6181,87.571151733398,10.772361755371,2.2918331623077,4
1684842942.7317,87.31770324707,10.447587966919,2.25,4
1684842942.8394,87.019958496094,10.066051483154,2.25,4
1684842942.9471,86.761604309082,9.7349605560303,2.123500585556,4
1684842943.0548,86.527847290039,9.4353809356689,2,4
1684842943.1635,86.227676391602,9.0506954193115,2,4
1684842943.2782,85.976669311523,8.7290878295898,2,4
1684842943.386,85.674018859863,8.3412322998047,2,4
1684842943.4937,85.415664672852,8.0101451873779,2,4
1684842943.6015,85.159767150879,7.6821789741516,2,4
1684842943.7101,84.901405334473,7.3510708808899,2,4
1684842943.8248,84.601226806641,6.9663372039795,2,4
1684842943.9325,84.337959289551,6.6289157867432,2,4
1684842944.0403,84.079612731934,6.2977924346924,2,4
1684842944.1479,83.816345214844,5.9603710174561,2,4
1684842944.2615,83.560455322266,5.632417678833,2,4
1684842944.3694,83.260284423828,5.2476863861084,2,4
1684842944.4761,83.001937866211,4.9165592193604,2,4
1684842944.5918,82.743598937988,4.5854344367981,2,4
1684842944.6995,82.440948486328,4.1975522041321,2,4
1684842944.8073,82.182556152344,3.8664643764496,2,4
1684842944.916,81.921691894531,3.5322382450104,2,4
1684842945.0227,81.665771484375,3.2043344974518,2,4
1684842945.1373,81.363075256348,2.8165171146393,2,4
1684842945.245,81.104667663574,2.4854547977448,2,4
1684842945.3518,80.841316223145,2.1480844020844,2,4
1684842945.4674,80.587875366211,1.823301076889,2,4
1684842945.5751,80.285171508789,1.4354594945908,2,4
1684842945.6828,80.021827697754,1.0980813503265,2,4
1684842945.7916,79.765907287598,0.77013808488846,2,4
1684842945.8991,79.502571105957,0.43272948265076,2,4
1684842946.0068,79.24666595459,0.10477478802204,2,4
1684842946.1216,78.943969726562,-0.28307694196701,2,4
1684842946.2293,78.68807220459,-0.61102646589279,2,4
1684842946.338,78.432144165039,-0.93898224830627,2,4
1684842946.4456,78.173759460449,-1.2700725793839,2,4
1684842946.5594,77.876014709473,-1.6516071557999,2,4
1684842946.6676,77.617630004883,-1.9826986789703,2,4
1684842946.7753,77.364189147949,-2.3074643611908,2,4
1684842946.8831,77.088088989258,-2.6233088970184,2,4
1684842946.9977,76.741554260254,-2.9780795574188,2,4
1684842947.1054,76.448089599609,-3.2784945964813,2,4
1684842947.2133,76.151840209961,-3.581770658493,2,4
1684842947.321,75.86116027832,-3.8793091773987,2,4
1684842947.4347,75.520202636719,-4.2283773422241,2,4
1684842947.5434,75.226745605469,-4.5288076400757,2,4
1684842947.651,74.941635131836,-4.8206162452698,2,4
1684842947.7587,74.597900390625,-5.1725606918335,2,4
1684842947.8732,74.284896850586,-5.4930257797241,2,4
1684842947.9798,73.994247436523,-5.7905983924866,2,4
1684842948.0879,73.698013305664,-6.0938973426819,2,4
1684842948.1954,73.404556274414,-6.3943243026733,2,4
1684842948.31,73.060813903809,-6.7462606430054,2,4
1684842948.4178,72.764587402344,-7.0495667457581,2,4
1684842948.5245,72.473922729492,-7.3471364974976,2,4
1684842948.6322,72.186050415039,-7.6418251991272,2,4
1684842948.7468,71.842300415039,-7.9937696456909,2,4
1684842948.8536,71.554405212402,-8.2884883880615,2,4
1684842948.9623,71.263725280762,-8.5860786437988,2,4
1684842949.07,70.970283508301,-8.8865346908569,2,4
1684842949.1837,70.618766784668,-9.224404335022,2,4
1684842949.2924,70.266937255859,-9.47509765625,2,4
1684842949.4002,69.929908752441,-9.7121334075928,2,4
1684842949.5078,69.586334228516,-9.9537525177002,2,4
1684842949.6215,69.187110900879,-10.234502792358,2,4
1684842949.7292,68.850067138672,-10.471542358398,2,4
1684842949.8377,68.506484985352,-10.713151931763,2,4
1684842949.9454,68.169441223145,-10.950178146362,2,4
1684842950.0602,67.763671875,-11.235500335693,2,4
1684842950.1686,67.420082092285,-11.47710609436,2,4
1684842950.2761,67.076484680176,-11.718721389771,2,4
1684842950.3832,66.724838256836,-11.962677001953,2,4
1684842950.497,66.284790039062,-12.172005653381,2,4
1684842950.6046,65.900505065918,-12.331299781799,2,4
1684842950.7119,65.516227722168,-12.490580558777,2,4
1684842950.8195,65.131950378418,-12.649870872498,2,4
1684842950.9343,64.681167602539,-12.836733818054,2,4
1684842951.0429,64.296890258789,-12.996031761169,2,4
1684842951.1507,63.849788665771,-13.181366920471,2,4
1684842951.2575,63.465480804443,-13.340672492981,2,4
1684842951.3721,63.081161499023,-13.499966621399,2,4
1684842951.4798,62.693145751953,-13.66079044342,2,4
1684842951.5885,62.246006011963,-13.846123695374,2,4
1684842951.6962,61.861705780029,-14.005412101746,2,4
1684842951.8039,61.473697662354,-14.166239738464,2,4
1684842951.9207,61.026565551758,-14.35156917572,2,4
1684842952.0283,60.642253875732,-14.51087474823,2,4
1684842952.1361,60.257942199707,-14.670182228088,2,4
1684842952.2438,59.877326965332,-14.827952384949,2,4
1684842952.3506,59.422790527344,-15.016356468201,2,4
1684842952.4663,59.038482666016,-15.17564868927,2,4
1684842952.574,58.654182434082,-15.334937095642,2,4
1684842952.6808,58.207050323486,-15.520287513733,2,4
1684842952.7885,57.815353393555,-15.682650566101,2,4
1684842952.9031,57.431037902832,-15.841948509216,2,4
1684842953.0108,56.97652053833,-16.030345916748,2,4
1684842953.1186,56.59220123291,-16.189611434937,2,4
1684842953.2322,56.200504302979,-16.351957321167,2,4
1684842953.3409,55.805122375488,-16.515853881836,2,4
1684842953.4487,55.417110443115,-16.676652908325,2,4
1684842953.5565,54.953380584717,-16.827266693115,2,4
1684842953.6648,54.553810119629,-16.942979812622,2,4
1684842953.7785,54.146564483643,-17.060916900635,2,4
1684842953.8853,53.677837371826,-17.196664810181,2,4
1684842953.992,53.274425506592,-17.31348991394,2,4
1684842954.1053,52.878684997559,-17.428098678589,2,4
1684842954.214,52.479114532471,-17.543813705444,2,4
1684842954.321,52.079532623291,-17.6595287323,2,4
1684842954.4289,51.610794067383,-17.795269012451,2,4
1684842954.5455,51.142063140869,-17.931007385254,2,4
1684842954.6531,50.742488861084,-18.046726226807,2,4
1684842954.76,50.342914581299,-18.162445068359,2,4
1684842954.8677,49.943340301514,-18.278156280518,2,4
1684842954.9814,49.536094665527,-18.396089553833,2,4
1684842955.0891,49.067356109619,-18.531837463379,2,4
1684842955.1958,48.667797088623,-18.647554397583,2,4
1684842955.3104,48.256690979004,-18.766603469849,2,4
1684842955.4191,47.857128143311,-18.882308959961,2,4
1684842955.5258,47.384567260742,-19.019172668457,2,4
1684842955.6328,46.988838195801,-19.133781433105,2,4
1684842955.7464,46.577739715576,-19.25284576416,2,4
1684842955.8533,46.178161621094,-19.368564605713,2,4
1684842955.9616,45.774753570557,-19.485399246216,2,4
1684842956.0759,45.309867858887,-19.620029449463,2,4
1684842956.1832,44.906452178955,-19.736856460571,2,4
1684842956.2916,44.503036499023,-19.85368347168,2,4
1684842956.3983,44.030464172363,-19.990535736084,2,4
1684842956.5129,43.634738922119,-20.105134963989,2,4
1684842956.6206,43.231327056885,-20.2219581604,2,4
1684842956.7275,42.76643371582,-20.356603622437,2,4
1684842956.8361,42.359180450439,-20.474546432495,2,4
1684842956.9498,41.955764770508,-20.591379165649,2,4
1684842957.0575,41.490867614746,-20.726013183594,2,4
1684842957.1662,41.095138549805,-20.840616226196,2,4
1684842957.274,40.69172668457,-20.957445144653,2,4
1684842957.3876,40.288307189941,-21.074277877808,2,4
1684842957.4953,39.819576263428,-21.210023880005,2,4
1684842957.602,39.416168212891,-21.326852798462,2,4
1684842957.7108,39.016586303711,-21.442565917969,2,4
1684842957.8254,38.544010162354,-21.579423904419,2,4
1684842957.9322,38.144428253174,-21.69514465332,2,4
1684842958.0399,37.748695373535,-21.809745788574,2,4
1684842958.1477,37.349124908447,-21.925462722778,2,4
1684842958.2615,36.87654876709,-22.062320709229,2,4
1684842958.3681,36.476970672607,-22.178035736084,2,4
1684842958.4757,36.07740020752,-22.293752670288,2,4
1684842958.5921,35.600982666016,-22.431720733643,2,4
1684842958.6999,35.193729400635,-22.54966545105,2,4
1684842958.8061,34.786472320557,-22.667613983154,2,4
1684842958.915,34.394588470459,-22.781105041504,2,4
1684842959.0286,33.92586517334,-22.916847229004,2,4
1684842959.1363,33.518608093262,-23.034786224365,2,4
1684842959.244,33.119033813477,-23.150506973267,2,4
1684842959.3517,32.723297119141,-23.265113830566,2,4
1684842959.4675,32.254558563232,-23.400861740112,2,4
1684842959.5753,31.843454360962,-23.519910812378,2,4
1684842959.682,31.44771194458,-23.634519577026,2,4
1684842959.7896,31.044292449951,-23.751350402832,2,4
1684842959.9033,30.564037322998,-23.890432357788,2,4
1684842960.011,30.164457321167,-24.006147384644,2,4
1684842960.1187,29.761037826538,-24.122966766357,2,4
1684842960.2264,29.346101760864,-24.243131637573,2,4
1684842960.3351,28.942680358887,-24.359956741333,2,4
1684842960.4488,28.470102310181,-24.496812820435,2,4
1684842960.5565,28.066679000854,-24.613639831543,2,4
1684842960.6647,27.659420013428,-24.731576919556,2,4
1684842960.7726,27.25599861145,-24.848403930664,2,4
1684842960.8869,26.787263870239,-24.984148025513,2,4
1684842960.9942,26.39151763916,-25.098754882812,2,4
1684842961.1025,25.984254837036,-25.21669960022,2,4
1684842961.2178,25.580829620361,-25.333526611328,2,4
1684842961.3256,25.104410171509,-25.471487045288,2,4
1684842961.4323,24.704828262329,-25.587202072144,2,4
1684842961.5409,24.312927246094,-25.70069694519,2,4
1684842961.6477,23.913343429565,-25.81641960144,2,4
1684842961.7623,23.444602966309,-25.952171325684,2,4
1684842961.87,23.045022964478,-26.067895889282,2,4
1684842961.9779,22.649280548096,-26.182500839233,2,4
1684842962.0856,22.180540084839,-26.318246841431,2,4
1684842962.2002,21.780960083008,-26.433965682983,2,4
1684842962.3074,21.358327865601,-26.556360244751,2,4
1684842962.4154,20.954902648926,-26.673191070557,2,4
1684842962.5231,20.555322647095,-26.788904190063,2,4
1684842962.6359,20.094264984131,-26.922433853149,2,4
1684842962.7432,19.694681167603,-27.038150787354,2,4
1684842962.8572,19.237462997437,-27.170558929443,2,4
1684842962.965,18.837881088257,-27.286273956299,2,4
1684842963.0726,18.434457778931,-27.403100967407,2,4
1684842963.1803,17.973400115967,-27.536626815796,1.7000000476837,4
1684842963.289,17.573818206787,-27.652341842651,1.7000000476837,4
1684842963.4027,17.174238204956,-27.768054962158,1.7000000476837,4
1684842963.5104,16.770818710327,-27.884883880615,1.7000000476837,4
1684842963.6181,16.305921554565,-28.019510269165,1.7000000476837,4
1684842963.7258,15.906342506409,-28.135227203369,1.7000000476837,4
1684842963.8415,15.499082565308,-28.253183364868,1.7000000476837,4
1684842963.9477,15.030348777771,-28.388940811157,1.7000000476837,4
1684842964.0553,14.626926422119,-28.505779266357,1.7000000476837,4
1684842964.1641,14.223508834839,-28.622617721558,1.7000000476837,4
1684842964.2774,13.812410354614,-28.741697311401,1.7000000476837,4
1684842964.3842,13.412832260132,-28.857416152954,1.7000000476837,4
1684842964.498,12.94409942627,-28.993175506592,1.7000000476837,4
1684842964.6056,12.540679931641,-29.110015869141,1.7000000476837,4
1684842964.714,12.133420944214,-29.227968215942,1.7000000476837,4
1684842964.8212,11.668527603149,-29.362606048584,1.7000000476837,4
1684842964.929,11.265108108521,-29.479442596436,1.7000000476837,4
1684842965.0456,10.865530014038,-29.595167160034,1.7000000476837,4
1684842965.1533,10.400636672974,-29.729806900024,1.7000000476837,4
1684842965.2611,10.004901885986,-29.844413757324,1.7000000476837,4
1684842965.3727,9.5515356063843,-29.975721359253,1.7000000476837,4
1684842965.4804,9.1442747116089,-30.093673706055,1.7000000476837,4
1684842965.5891,8.8383073806763,-30.021684646606,1.7000000476837,4
1684842965.6968,8.6977195739746,-29.914531707764,1.7000000476837,4
1684842965.8046,8.6784315109253,-29.855409622192,1.7000000476837,4
1684842965.9132,8.7336492538452,-29.748697280884,1.7000000476837,4
1684842966.0279,8.6136150360107,-29.421619415283,1.4470002651215,4
1684842966.1357,8.3413581848145,-29.285533905029,1.7000000476837,4
1684842966.2434,8.2159786224365,-29.263486862183,1.7000000476837,4
1684842966.3511,8.1767578125,-29.212247848511,1.7000000476837,4
1684842966.4678,7.8926720619202,-29.111570358276,1.7000000476837,4
1684842966.5755,7.6632995605469,-28.892810821533,1.7000000476837,4
1684842966.6833,7.3641686439514,-28.695240020752,1.7000000476837,4
1684842966.792,7.095627784729,-28.545711517334,1.7000000476837,4
1684842966.8996,6.795814037323,-28.469083786011,1.7000000476837,4
1684842967.0073,6.5401673316956,-28.307291030884,1.7000000476837,4
1684842967.1211,6.4163408279419,-28.131452560425,1.7000000476837,4
1684842967.2283,6.6241931915283,-28.139255523682,1.7000000476837,4
1684842967.3363,6.6241931915283,-28.139255523682,1.7000000476837,4
1684842967.451,6.6241931915283,-28.139255523682,1.7000000476837,4
1684842967.5576,6.6920223236084,-28.144069671631,1.7000000476837,4
1684842967.6662,7.1149349212646,-28.174375534058,1.7000000476837,4
1684842967.773,7.5258603096008,-28.204061508179,1.7000000476837,4
1684842967.8876,8.008599281311,-28.238945007324,1.7000000476837,4
1684842967.9939,8.4235191345215,-28.268781661987,1.7000000476837,4
1684842968.1009,8.5671510696411,-28.27906036377,1.7000000476837,4
