238,nil,nil
1587225859.3003,159.93630981445,-57.932739257813,-4.4499998092651,4
1587225859.4079,159.93630981445,-57.932739257813,-4.4499998092651,4
1587225859.5157,159.93630981445,-57.932739257813,-4.4499998092651,4
1587225859.623,159.94482421875,-57.656867980957,-4.2029986381531,4
1587225859.7303,159.95756530762,-57.245056152344,-3.9029989242554,4
1587225859.8462,159.97047424316,-56.829242706299,-3.6029982566833,4
1587225859.9538,159.98330688477,-56.417427062988,-3.4673321247101,4
1587225860.0616,159.99629211426,-56.005615234375,-3.1673328876495,4
1587225860.1694,160.01351928711,-55.461879730225,-2.9500000476837,4
1587225860.277,160.02642822266,-55.054084777832,-2.6500000953674,4
1587225860.3892,160.03935241699,-54.646278381348,-2.6500000953674,4
1587225860.4968,160.05235290527,-54.234477996826,-2.6500000953674,4
1587225860.6101,160.06985473633,-53.678756713867,-2.6500000953674,4
1587225860.7183,160.08288574219,-53.266956329346,-2.6500000953674,4
1587225860.8253,160.09591674805,-52.855159759521,-2.6500000953674,4
1587225860.9388,160.10891723633,-52.443363189697,-2.6500000953674,4
1587225861.0477,160.12210083008,-52.023567199707,-2.6500000953674,4
1587225861.1564,160.13513183594,-51.611770629883,-2.6501107215881,4
1587225861.2639,160.14825439453,-51.195976257324,-2.6501214504242,4
1587225861.3716,160.16586303711,-50.636253356934,-2.6501357555389,4
1587225861.4855,160.17906188965,-50.216468811035,-2.650146484375,4
1587225861.594,160.19215393066,-49.800666809082,-2.6501572132111,4
1587225861.7017,160.20516967773,-49.388866424561,-2.6501679420471,4
1587225861.8094,160.21817016602,-48.977062225342,-2.6501786708832,4
1587225861.9182,160.23118591309,-48.56526184082,-2.6501891613007,4
1587225862.033,160.24876403809,-48.00553894043,-2.6502034664154,4
1587225862.1407,160.2619934082,-47.585754394531,-2.6500000953674,4
1587225862.2484,160.27517700195,-47.165966033936,-2.650203704834,4
1587225862.3561,160.28817749023,-46.754165649414,-2.6500000953674,4
1587225862.4718,160.30117797852,-46.34236907959,-2.6500000953674,4
1587225862.5791,160.31428527832,-45.926570892334,-2.6500000953674,4
1587225862.6864,160.32739257813,-45.510776519775,-2.6500000953674,4
1587225862.7936,160.34480285645,-44.959049224854,-2.6500000953674,4
1587225862.9074,160.35801696777,-44.539257049561,-2.6500000953674,4
1587225863.015,160.37112426758,-44.123466491699,-2.6500000953674,4
1587225863.1218,160.38414001465,-43.71167755127,-2.6500000953674,4
1587225863.2364,160.3973236084,-43.291889190674,-2.4029986858368,4
1587225863.3451,160.41033935547,-42.880096435547,-2.3499999046326,4
1587225863.4519,160.42767333984,-42.332359313965,-1.9673335552216,4
1587225863.5605,160.43637084961,-42.056495666504,-1.75,4
1587225863.6689,160.45381164551,-41.504768371582,-1.3673331737518,4
1587225863.7766,160.46685791016,-41.092975616455,-1.2029995918274,4
1587225863.8903,160.47987365723,-40.681175231934,-0.90299963951111,4
1587225863.998,160.49305725098,-40.261379241943,-0.60299944877625,4
1587225864.1058,160.51034545898,-39.713653564453,-0.46733295917511,4
1587225864.2215,160.52345275879,-39.297859191895,-0.25,4
1587225864.3292,160.53657531738,-38.882064819336,-0.25,4
1587225864.4354,160.54975891113,-38.462268829346,-0.25,4
1587225864.5441,160.56278991699,-38.050472259521,-0.25,4
1587225864.652,160.57579040527,-37.638671875,-0.25,4
1587225864.7666,160.59320068359,-37.086936950684,-0.25,4
1587225864.8743,160.60621643066,-36.675140380859,-0.25,4
1587225864.982,160.619140625,-36.267337799072,-0.25,4
1587225865.0908,160.63223266602,-35.851547241211,-0.25,4
1587225865.2036,160.64533996582,-35.43575668335,-0.25,4
1587225865.3112,160.65843200684,-35.019962310791,-0.25,4
1587225865.4189,160.67601013184,-34.460243225098,-0.25,4
1587225865.5266,160.68913269043,-34.044448852539,-0.25,4
1587225865.6413,160.70223999023,-33.628658294678,-0.25,4
1587225865.7484,160.71527099609,-33.216865539551,-0.25,4
1587225865.8547,160.72817993164,-32.809066772461,-0.25,4
1587225865.9714,160.74560546875,-32.257339477539,-0.25,4
1587225866.0777,160.75860595703,-31.845542907715,-0.25,4
1587225866.1847,160.77171325684,-31.429746627808,-0.25,4
1587225866.293,160.78462219238,-31.021945953369,-0.25,4
1587225866.4067,160.79762268066,-30.610151290894,-0.25,4
1587225866.5134,160.81074523926,-30.194358825684,-0.25,4
1587225866.6211,160.82374572754,-29.782558441162,-0.25,4
1587225866.7345,160.84107971191,-29.234828948975,-0.25,4
1587225866.8432,160.85417175293,-28.819034576416,0.10000002384186,4
1587225866.9502,160.86730957031,-28.403240203857,0.39999997615814,4
1587225867.0643,160.88050842285,-27.983448028564,0.64699995517731,4
1587225867.1727,160.89350891113,-27.571655273438,0.69999998807907,4
1587225867.2795,160.91081237793,-27.02392578125,1,4
1587225867.3866,160.92390441895,-26.608131408691,1,4
1587225867.501,160.93688964844,-26.196332931519,1,4
1587225867.6087,160.94982910156,-25.788534164429,1,4
1587225867.7174,160.96273803711,-25.38073348999,1,4
1587225867.8253,160.96578979492,-24.968990325928,1,4
1587225867.9331,160.94284057617,-24.417463302612,1,4
1587225868.0498,160.9313659668,-24.141700744629,1,4
1587225868.1569,160.90823364258,-23.586183547974,1,4
1587225868.2642,160.89114379883,-23.17453956604,1,4
1587225868.3716,160.87384033203,-22.758897781372,1,4
1587225868.4864,160.85090637207,-22.207372665405,1,4
1587225868.5935,160.83360290527,-21.791738510132,1,4
1587225868.7007,160.8162689209,-21.376100540161,1,4
1587225868.8084,160.79873657227,-20.956468582153,1,4
1587225868.9171,160.78182983398,-20.548824310303,1,4
1587225869.0318,160.76472473145,-20.137182235718,1,4
1587225869.1395,160.74179077148,-19.585653305054,1,4
1587225869.2469,160.72467041016,-19.174011230469,1,4
1587225869.3607,160.70738220215,-18.758369445801,1,4
1587225869.4693,160.69027709961,-18.346725463867,1,4
1587225869.577,160.67315673828,-17.935079574585,1,4
1587225869.6847,160.65585327148,-17.519443511963,1,4
1587225869.7929,160.63876342773,-17.107801437378,1,4
1587225869.9073,160.61604309082,-16.560277938843,1,4
1587225870.0143,160.59873962402,-16.144638061523,1,4
1587225870.121,160.58122253418,-15.725039482117,0.98614740371704,4
1587225870.2346,160.56405639648,-15.313491821289,0.98464870452881,4
1587225870.3428,160.54672241211,-14.897853851318,0.9869481921196,4
1587225870.4503,160.5237121582,-14.346327781677,0.98749232292175,4
1587225870.564,160.50651550293,-13.934685707092,0.9878956079483,4
1587225870.6726,160.48936462402,-13.523043632507,0.9882977604866,4
1587225870.7799,160.4723815918,-13.115395545959,0.98869597911835,4
1587225870.8876,160.4552154541,-12.703753471375,0.98909854888916,4
1587225870.9954,160.43788146973,-12.288114547729,0.98950499296188,4
1587225871.11,160.41484069824,-11.741151809692,0.95689117908478,4
1587225871.2186,160.39700317383,-11.33477973938,0.9287143945694,4
1587225871.3264,160.37886047363,-10.927560806274,0.92207729816437,4
1587225871.4337,160.36033630371,-10.512356758118,0.90430104732513,4
1587225871.5425,160.34199523926,-10.101144790649,0.88669455051422,4
1587225871.6565,160.31744384766,-9.550199508667,0.86310374736786,4
1587225871.7642,160.29891967773,-9.1350002288818,0.79324734210968,4
1587225871.8719,160.26628112793,-8.731822013855,0.6729451417923,4
1587225871.9796,160.22727966309,-8.3423824310303,0.55774223804474,4
1587225872.0954,160.1875,-7.9453024864197,0.44027233123779,4
1587225872.202,160.1473236084,-7.5444054603577,0.32858404517174,4
1587225872.3097,160.09817504883,-7.0117650032043,0.19614678621292,4
1587225872.4179,160.07987976074,-6.6014795303345,0.20620447397232,4
1587225872.5319,160.06156921387,-6.1911964416504,0.17336288094521,4
1587225872.6396,160.04327392578,-5.7809119224548,0.140520632267,4
1587225872.7469,160.02494812012,-5.3706274032593,0.10767936706543,4
1587225872.8612,159.95104980469,-4.8222646713257,0.062616556882858,4
1587225872.9701,159.87545776367,-4.414707660675,0.025601416826248,4
1587225873.078,159.79962158203,-4.0069880485535,-0.0078057646751404,4
1587225873.1848,159.72340393066,-3.5983216762543,0,4
1587225873.2934,159.64866638184,-3.1972057819366,0,4
1587225873.4081,159.57176208496,-2.7842919826508,0,4
1587225873.5154,159.4714050293,-2.245543718338,0,4
1587225873.6221,159.39595031738,-1.8404972553253,0,4
1587225873.7356,159.3197479248,-1.4315183162689,0,4
1587225873.8442,159.24426269531,-1.0264751911163,0,4
1587225873.951,159.16876220703,-0.62144207954407,0,4
1587225874.0645,159.09400939941,-0.22033619880676,0,4
1587225874.1731,158.99060058594,0.30956134200096,-0.13759225606918,4
1587225874.2799,158.91250610352,0.69177496433258,-0.25703263282776,4
1587225874.3867,158.83364868164,1.0777434110641,-0.3776478767395,4
1587225874.5017,158.75555419922,1.4599634408951,-0.49709153175354,4
1587225874.6094,158.6774597168,1.8421941995621,-0.61653852462769,4
1587225874.7182,158.57258605957,2.3555850982666,-0.77697324752808,4
1587225874.8254,158.49577331543,2.74245429039,-0.93665552139282,4
1587225874.9332,158.39440917969,3.1124033927917,-1.0849905014038,4
1587225875.0499,158.25955200195,3.4808533191681,-1.2348434925079,4
1587225875.1576,158.12471008301,3.849303483963,-1.3696284294128,4
1587225875.2653,157.99182128906,4.2225556373596,-1.4248588085175,4
1587225875.373,157.81973266602,4.7330193519592,-1.5005059242249,4
1587225875.4807,157.68942260742,5.1196312904358,-1.5593681335449,4
1587225875.5961,157.55889892578,5.5064105987549,-1.615138053894,4
1587225875.7028,157.42669677734,5.8972682952881,-1.6649081707001,4
1587225875.8102,157.29322814941,6.2918796539307,-1.7184600830078,4
1587225875.9187,157.16232299805,6.6789793968201,-1.7709908485413,4
1587225876.0332,156.98690795898,7.1976218223572,-1.8413743972778,4
1587225876.1405,156.85472106934,7.5884761810303,-1.8944156169891,4
1587225876.2466,156.72123718262,7.9830837249756,-1.9480965137482,4
1587225876.3598,156.58958435059,8.371994972229,-1.9629318714142,4
1587225876.4676,156.4563293457,8.7656145095825,-1.9819183349609,4
1587225876.5748,156.3152923584,9.1519966125488,-2.0011811256409,4
1587225876.6895,156.03666687012,9.6326189041138,-2,4
1587225876.7973,155.82545471191,9.9816637039185,-2,4
1587225876.904,155.61215209961,10.334153175354,-2,4
1587225877.0116,155.3988494873,10.686631202698,-2,4
1587225877.1263,155.18556213379,11.03909778595,-2,4
1587225877.2341,154.90185546875,11.50793170929,-2,4
1587225877.3428,154.69068908691,11.856999397278,-2,4
1587225877.45,154.4794921875,12.20534992218,-1.9724490642548,4
1587225877.5577,154.26829528809,12.553700447083,-1.9500617980957,4
1587225877.6746,154.05941772461,12.902732849121,-1.9852342605591,4
1587225877.7824,153.78118896484,13.380237579346,-2.0464382171631,4
1587225877.8901,153.57499694824,13.734041213989,-2.0917961597443,4
1587225877.9978,153.36883544922,14.087856292725,-2.1371483802795,4
1587225878.1048,153.16067504883,14.445119857788,-2.1829409599304,4
1587225878.2207,152.9545135498,14.798938751221,-2.2282934188843,4
1587225878.3279,152.74433898926,15.15965461731,-2.34796667099,4
1587225878.4346,152.52928161621,15.515968322754,-2.3210530281067,4
1587225878.5499,152.23802185059,15.966080665588,-2.1874461174011,4
1587225878.6577,151.97529602051,16.282329559326,-2.1255831718445,4
1587225878.7645,151.70463562012,16.5924949646,-2.0658543109894,4
1587225878.8711,151.43655395508,16.8996925354,-2.0066959857941,4
1587225878.9858,151.16328430176,17.212825775146,-1.9464325904846,4
1587225879.0945,150.81022644043,17.635217666626,-1.9062337875366,4
1587225879.2022,150.54078674316,17.946542739868,-1.9037160873413,4
1587225879.3099,150.23286437988,18.226270675659,-1.904007434845,4
1587225879.4188,149.93081665039,18.500623703003,-1.9062879085541,4
1587225879.5329,149.61978149414,18.782817840576,-1.8992576599121,4
1587225879.6407,149.31460571289,19.059520721436,-1.8923509120941,4
1587225879.7483,149.00350952148,19.341602325439,-1.8853216171265,4
1587225879.8551,148.59759521484,19.709636688232,-1.8761503696442,4
1587225879.9707,148.29537963867,19.983631134033,-1.8693232536316,4
1587225880.0775,147.98724365234,20.263027191162,-1.8635601997375,4
1587225880.1838,147.67910766602,20.542415618896,-1.8554694652557,4
1587225880.2924,147.37686157227,20.81635093689,-1.8485753536224,4
1587225880.4067,146.96195983887,21.192380905151,-1.8366408348083,4
1587225880.5142,146.65374755859,21.471689224243,-1.8285508155823,4
1587225880.6218,146.35153198242,21.745588302612,-1.8206162452698,4
1587225880.7355,146.04945373535,22.019687652588,-1.8185141086578,4
1587225880.8442,145.7416229248,22.299537658691,-1.8209567070007,4
1587225880.9517,145.4308013916,22.582069396973,-1.8247814178467,4
1587225881.0594,145.1199798584,22.864604949951,-1.8259811401367,4
1587225881.1681,144.70855712891,23.2385597229,-1.8275647163391,4
1587225881.2828,144.40669250488,23.512943267822,-1.8287200927734,4
1587225881.3905,144.10182189941,23.790031433105,-1.8298923969269,4
1587225881.4979,143.79397583008,24.069801330566,-1.8310770988464,4
1587225881.6056,143.48315429688,24.352294921875,-1.8322722911835,4
1587225881.714,143.18127441406,24.626686096191,-1.8334321975708,4
1587225881.8273,142.78549194336,24.999454498291,-1.834400177002,4
1587225881.935,142.51794433594,25.323219299316,-1.838342666626,4
1587225882.0429,142.25813293457,25.637830734253,-1.842752456665,4
1587225882.1574,141.99328613281,25.958587646484,-1.8472459316254,4
1587225882.2645,141.73097229004,26.276258468628,-1.8516972064972,4
1587225882.3716,141.46611022949,26.597007751465,-1.856192111969,4
1587225882.4854,141.20137023926,26.917362213135,-1.8758006095886,4
1587225882.5938,140.8501739502,27.342197418213,-1.9047856330872,4
1587225882.7006,140.56761169434,27.651779174805,-1.9268307685852,4
1587225882.8083,140.28015136719,27.951663970947,-1.9486620426178,4
1587225882.9249,139.90423583984,28.343860626221,-1.9772121906281,4
1587225883.0326,139.6195526123,28.64086151123,-2,4
1587225883.1404,139.32908630371,28.943918228149,-2,4
1587225883.2481,139.04127502441,29.244256973267,-2,4
1587225883.3549,138.75068664551,29.547479629517,-2,4
1587225883.4715,138.46838378906,29.842004776001,-2,4
1587225883.5784,138.1833190918,30.139432907104,-2,4
1587225883.6852,137.80140686035,30.537931442261,-2,4
1587225883.7937,137.51358032227,30.838258743286,-2,4
1587225883.9084,137.22575378418,31.13857460022,-2,4
1587225884.0146,136.93792724609,31.438901901245,-2.0171504020691,4
1587225884.1207,136.65235900879,31.734020233154,-2.0834467411041,4
1587225884.2354,136.36950683594,32.026306152344,-2.1491525173187,4
1587225884.3441,135.99053955078,32.417907714844,-2.2371850013733,4
1587225884.4518,135.70497131348,32.713035583496,-2.3153474330902,4
1587225884.5585,135.42570495605,33.007438659668,-2.2928140163422,4
1587225884.674,135.14688110352,33.304332733154,-2.2670545578003,4
1587225884.7817,134.8597869873,33.609893798828,-2.2420382499695,4
1587225884.8891,134.57769775391,33.909408569336,-2.2217125892639,4
1587225884.9968,134.18133544922,34.286701202393,-2.1976120471954,4
1587225885.1046,133.87843322754,34.565280914307,-2.1782119274139,4
1587225885.2193,133.57260131836,34.846557617188,-2.1891882419586,4
1587225885.327,133.26666259766,35.131813049316,-2.1394209861755,4
1587225885.4347,132.97505187988,35.411479949951,-2.07452917099,4
1587225885.5426,132.68057250977,35.693840026855,-2.0169146060944,4
1587225885.6559,132.28890991211,36.069416046143,-1.9402451515198,4
1587225885.7631,131.99444580078,36.351791381836,-1.8830058574677,4
1587225885.8708,131.69717407227,36.636863708496,-1.8244109153748,4
1587225885.9851,131.39459228516,36.91427230835,-1.8183751106262,4
1587225886.0937,131.08793640137,37.189266204834,-1.8509566783905,4
1587225886.1998,130.66770935059,37.531887054443,-1.9303317070007,4
1587225886.3132,130.35177612305,37.789485931396,-1.9900813102722,4
1587225886.4214,130.03274536133,38.049583435059,-2.0504171848297,4
1587225886.5288,129.71682739258,38.307182312012,-2.1102130413055,4
1587225886.6362,129.39440917969,38.562740325928,-2.1299393177032,4
1587225886.7509,128.96154785156,38.904571533203,-2.15030169487,4
1587225886.8586,128.63465881348,39.161750793457,-2.1474921703339,4
1587225886.9664,128.31410217285,39.414001464844,-2.1548745632172,4
1587225887.08,127.98721313477,39.671173095703,-2.1624083518982,4
1587225887.1877,127.66032409668,39.928352355957,-2.1702070236206,4
1587225887.2961,127.33567047119,40.174694061279,-2.101199388504,4
1587225887.4038,127.00787353516,40.423435211182,-2.039806842804,4
1587225887.5115,126.57621002197,40.756156921387,-2,4
1587225887.6262,126.24861907959,41.012607574463,-2.03213763237,4
1587225887.7339,125.92733001709,41.264148712158,-2.0082232952118,4
1587225887.8427,125.60545349121,41.514057159424,-2,4
1587225887.9502,125.27695465088,41.768093109131,-1.9593286514282,4
1587225888.0643,124.84104156494,42.105163574219,-1.9266307353973,4
1587225888.1723,124.51570892334,42.356719970703,-1.9022347927094,4
1587225888.2799,124.19036865234,42.608287811279,-1.8778312206268,4
1587225888.3873,123.84506988525,42.839473724365,-1.8713164329529,4
1587225888.4952,123.50071716309,43.072406768799,-1.8855977058411,4
1587225888.6098,123.15966796875,43.303123474121,-1.8997416496277,4
1587225888.7186,122.69599914551,43.616588592529,-1.9189667701721,4
1587225888.8257,122.35458374023,43.847080230713,-1.9232251644135,4
1587225888.9332,122.01649475098,44.075325012207,-1.9306492805481,4
1587225889.0498,121.67509460449,44.305835723877,-1.938145160675,4
1587225889.1571,121.33039855957,44.538558959961,-1.9457137584686,4
1587225889.2648,120.83084869385,44.758918762207,-1.9617648124695,4
1587225889.3725,120.42552185059,44.826091766357,-1.9802160263062,4
1587225889.4801,120.00741577148,44.803802490234,-2.0012321472168,4
1587225889.5959,119.598777771,44.751419067383,-2,4
1587225889.7035,119.19011688232,44.699031829834,-2,4
1587225889.8103,118.78145599365,44.64665222168,-2,4
1587225889.9175,118.23788452148,44.57698059082,-2,4
1587225890.0311,117.82691955566,44.514263153076,-2,4
1587225890.1379,117.43975830078,44.386180877686,-2,4
1587225890.2458,117.055519104,44.248874664307,-2.0090243816376,4
1587225890.3608,116.6676940918,44.110065460205,-2,4
1587225890.4685,116.14463806152,43.922618865967,-1.9802117347717,4
1587225890.5762,115.7566986084,43.784301757813,-1.9897055625916,4
1587225890.6841,115.36875152588,43.645980834961,-1.9991993904114,4
1587225890.7926,114.98455047607,43.509498596191,-2.0170519351959,4
1587225890.9062,114.59660339355,43.371932983398,-2.0347630977631,4
1587225891.0128,114.21241760254,43.235706329346,-2.0523023605347,4
1587225891.1205,113.6926651001,43.051399230957,-2.0760312080383,4
1587225891.2348,113.29721832275,42.911167144775,-2.0940852165222,4
1587225891.343,112.90552520752,42.772266387939,-2.1119678020477,4
1587225891.4502,112.51383209229,42.633377075195,-2.1298499107361,4
1587225891.5578,112.12964630127,42.497146606445,-2.1582589149475,4
1587225891.6736,111.61740112305,42.3147315979,-2.1566424369812,4
1587225891.7808,111.22570037842,42.174652099609,-2.1553382873535,4
1587225891.8885,110.833984375,42.034568786621,-2.1540722846985,4
1587225892.0018,110.44227600098,41.894485473633,-2.1638553142548,4
1587225892.1086,110.05782318115,41.759456634521,-2.1838808059692,4
1587225892.2167,109.66584014893,41.621772766113,-2.2043154239655,4
1587225892.3241,109.2738571167,41.484088897705,-2.2247500419617,4
1587225892.4388,108.74616241455,41.298732757568,-2.2522597312927,4
1587225892.5475,108.48233032227,41.206062316895,-2.2660136222839,4
1587225892.6552,107.95464324951,41.020709991455,-2.3052067756653,4
1587225892.7621,107.56855773926,40.8854637146,-2.3808391094208,4
1587225892.8757,107.18992614746,40.752819061279,-2.5,4
1587225892.9821,106.8038482666,40.617588043213,-2.5306224822998,4
1587225893.0898,106.28401947021,40.431819915771,-2.5,4
1587225893.2031,105.89601898193,40.293170928955,-2.5,4
1587225893.3109,105.50802612305,40.154518127441,-2.5,4
1587225893.4195,105.11626434326,40.01452255249,-2.5,4
1587225893.5272,104.73203277588,39.877216339111,-2.5,4
1587225893.6417,104.2121963501,39.691463470459,-2.5,4
1587225893.7499,103.82043457031,39.551464080811,-2.5,4
1587225893.8586,103.55675506592,39.457237243652,-2.5,4
1587225893.9661,103.02938079834,39.268787384033,-2.5,4
1587225894.0734,102.64138793945,39.13013458252,-2.5,4
1587225894.1878,102.24962615967,38.990135192871,-2.5,4
1587225894.2965,101.7297744751,38.804363250732,-2.5,4
1587225894.4039,101.33802032471,38.664367675781,-2.5,4
1587225894.5116,100.94624328613,38.524368286133,-2.5,4
1587225894.6259,100.55826568604,38.385715484619,-2.5,4
1587225894.7334,100.17404937744,38.248413085938,-2.5,4
1587225894.8413,99.786064147949,38.109760284424,-2.5,4
1587225894.9487,99.398071289063,37.971111297607,-2.5,4
1587225895.0624,98.878227233887,37.785350799561,-2.5,4
1587225895.1712,98.494003295898,37.648040771484,-2.5,4
1587225895.2779,98.102233886719,37.508033752441,-2.5,4
1587225895.3916,97.710479736328,37.368034362793,-2.5,4
1587225895.4993,97.322494506836,37.229385375977,-2.5,4
1587225895.606,96.930732727051,37.089389801025,-2.5,4
1587225895.7212,96.418251037598,36.895973205566,-2.5,4
1587225895.8282,96.044776916504,36.73168182373,-2.5,4
1587225895.936,95.66845703125,36.554946899414,-2.5,4
1587225896.0434,95.308036804199,36.363765716553,-2.5,4
1587225896.157,94.820419311523,36.105113983154,-2.5,4
1587225896.2647,94.576614379883,35.975784301758,-2.5,4
1587225896.3726,94.088981628418,35.717124938965,-2.5,4
1587225896.4802,93.721496582031,35.522197723389,-2.5,4
1587225896.5961,93.354019165039,35.327266693115,-2.5,4
1587225896.7038,92.993598937988,35.136077880859,-2.5,4
1587225896.81,92.509521484375,34.879295349121,-2.5,4
1587225896.9182,92.14909362793,34.688110351563,-2.5,4
1587225897.0328,91.785140991211,34.495048522949,-2.5,4
1587225897.1403,91.408836364746,34.318313598633,-2.5,4
1587225897.247,91.035339355469,34.1540184021,-2.5,4
1587225897.3547,90.66185760498,33.989730834961,-2.5,4
1587225897.4714,90.15657043457,33.767471313477,-2.5,4
1587225897.5789,89.779426574707,33.601577758789,-2.5,4
1587225897.6863,89.405944824219,33.437286376953,-2.5,4
1587225897.795,89.02880859375,33.271385192871,-2.5,4
1587225897.9018,88.648002624512,33.103874206543,-2.5,4
1587225898.0159,88.146354675293,32.883201599121,-2.5,4
1587225898.1232,87.765563964844,32.71569442749,-2.5,4
1587225898.2299,87.388412475586,32.549793243408,-2.5,4
1587225898.3462,87.011268615723,32.383899688721,-2.5,4
1587225898.4539,86.634132385254,32.218002319336,-2.5,4
1587225898.5619,86.128807067871,31.995729446411,-2.5,4
1587225898.6703,85.751678466797,31.829835891724,-2.5,4
1587225898.7767,85.360389709473,31.690626144409,-2.5,4
1587225898.8913,84.952377319336,31.609359741211,-2.5,4
1587225898.9981,84.548309326172,31.528871536255,-2.5114231109619,4
1587225899.1048,84.148910522461,31.449932098389,-2.4785454273224,4
1587225899.2214,83.612983703613,31.344421386719,-2.4340441226959,4
1587225899.3281,83.212844848633,31.264905929565,-2.4307706356049,4
1587225899.4349,82.800933837891,31.183076858521,-2.4274413585663,4
1587225899.5435,82.39688873291,31.10279083252,-2.4241743087769,4
1587225899.6582,81.984962463379,31.02095413208,-2.4208443164825,4
1587225899.7659,81.443603515625,30.913385391235,-2.4320156574249,4
1587225899.8722,81.036338806152,30.83475112915,-2.4133131504059,4
1587225899.9859,80.629440307617,30.757347106934,-2.3545322418213,4
1587225900.0938,80.226463317871,30.680685043335,-2.3250885009766,4
1587225900.2012,79.826431274414,30.60053062439,-2.3288099765778,4
1587225900.3089,79.422477722168,30.51958656311,-2.3326125144958,4
1587225900.4176,79.010673522949,30.43706703186,-2.3364887237549,4
1587225900.5321,78.465515136719,30.327825546265,-2.3416199684143,4
1587225900.6383,78.061561584473,30.246883392334,-2.345422744751,4
1587225900.746,77.643028259277,30.224529266357,-2.3568437099457,4
1587225900.8597,77.229148864746,30.262426376343,-2.383992433548,4
1587225900.9684,76.823226928711,30.299612045288,-2.3937220573425,4
1587225901.0761,76.277778625488,30.350355148315,-2.4082372188568,4
1587225901.1838,75.863677978516,30.388877868652,-2.4186134338379,4
1587225901.2925,75.588928222656,30.415098190308,-2.4256174564362,4
1587225901.4069,75.043525695801,30.467761993408,-2.424387216568,4
1587225901.5137,74.62971496582,30.509075164795,-2.4009909629822,4
1587225901.6205,74.219879150391,30.549983978271,-2.3905639648438,4
1587225901.7341,73.673782348633,30.665246963501,-2.3833944797516,4
1587225901.8428,73.29711151123,30.841123580933,-2.3892331123352,4
1587225901.9498,72.924613952637,31.02619934082,-2.3962359428406,4
1587225902.0644,72.555702209473,31.209510803223,-2.4031732082367,4
1587225902.1726,72.179626464844,31.396364212036,-2.4102432727814,4
1587225902.2797,71.810737609863,31.579671859741,-2.4171810150146,4
1587225902.3869,71.438255310059,31.764753341675,-2.4262363910675,4
1587225902.5017,70.944160461426,32.010803222656,-2.4296278953552,4
1587225902.6095,70.568244934082,32.198143005371,-2.4321947097778,4
1587225902.7178,70.196792602539,32.3850440979,-2.4160206317902,4
1587225902.8255,69.828903198242,32.57014465332,-2.4038579463959,4
1587225902.9387,69.46459197998,32.753444671631,-2.3918161392212,4
1587225903.0474,69.093139648438,32.940357208252,-2.3795413970947,4
1587225903.155,68.593101501465,33.191974639893,-2.3630156517029,4
1587225903.2628,68.225212097168,33.377082824707,-2.3508548736572,4
1587225903.3764,67.857749938965,33.562580108643,-2.3387813568115,4
1587225903.4832,67.49112701416,33.748867034912,-2.311407327652,4
1587225903.5916,67.120918273926,33.936962127686,-2.2860743999481,4
1587225903.6992,66.754280090332,34.123249053955,-2.26358294487,4
1587225903.8129,66.264373779297,34.373104095459,-2.2122356891632,4
1587225903.9204,65.899032592773,34.559673309326,-2.1739444732666,4
1587225904.028,65.53369140625,34.746242523193,-2.135648727417,4
1587225904.1424,65.171897888184,34.931015014648,-2.0977320671082,4
1587225904.2498,64.803024291992,35.119380950928,-2.0590791702271,4
1587225904.3575,64.309997558594,35.37113571167,-2.0074074268341,4
1587225904.4662,63.941375732422,35.555202484131,-2,4
1587225904.5739,63.572746276855,35.739265441895,-2.0025143623352,4
1587225904.687,63.204608917236,35.922107696533,-2.0306384563446,4
1587225904.7946,62.836471557617,36.104942321777,-2.0587644577026,4
1587225904.9024,62.471920013428,36.285991668701,-2.0866160392761,4
1587225905.0165,61.978710174561,36.530967712402,-2.1242990493774,4
1587225905.1233,61.607006072998,36.715599060059,-2.1526989936829,4
1587225905.23,61.242446899414,36.896656036377,-2.180668592453,4
1587225905.3466,60.874252319336,37.081283569336,-2.1708860397339,4
1587225905.4534,60.506076812744,37.265911102295,-2.1657478809357,4
1587225905.5611,60.006992340088,37.517307281494,-2.1243572235107,4
1587225905.6698,59.640148162842,37.702365875244,-2.0939362049103,4
1587225905.7775,59.273319244385,37.887428283691,-2.0635149478912,4
1587225905.8922,58.902912139893,38.074287414551,-2.0328018665314,4
1587225905.9995,58.536075592041,38.259349822998,-2.0023798942566,4
1587225906.1072,58.163875579834,38.445198059082,-2,4
1587225906.2156,57.677154541016,38.688232421875,-2,4
1587225906.329,57.308532714844,38.872299194336,-2,4
1587225906.4364,56.939910888672,39.056350708008,-2,4
1587225906.5437,56.567707061768,39.242195129395,-2,4
1587225906.6576,56.199081420898,39.426254272461,-2,4
1587225906.7653,55.701610565186,39.674640655518,-2,4
1587225906.8731,55.329402923584,39.860492706299,-2,4
1587225906.9809,54.957195281982,40.046337127686,-2,4
1587225907.0964,54.592155456543,40.228618621826,-2,4
1587225907.2042,54.223529815674,40.412670135498,-2,4
1587225907.3119,53.858489990234,40.594951629639,-2,4
1587225907.4206,53.361034393311,40.843338012695,-2,4
1587225907.528,52.992416381836,41.027400970459,-2,4
1587225907.6418,52.620216369629,41.213245391846,-2,4
1587225907.7491,52.251602172852,41.397300720215,-2,4
1587225907.8598,51.879405975342,41.583141326904,-2,4
1587225907.9683,51.510780334473,41.767200469971,-2,4
1587225908.076,51.016895294189,42.013805389404,-2,4
1587225908.1837,50.65185546875,42.196075439453,-2,4
1587225908.2921,50.283233642578,42.380130767822,-2,4
1587225908.4056,49.906795501709,42.556636810303,-2,4
1587225908.5133,49.507671356201,42.687358856201,-2,4
1587225908.627,49.112335205078,42.816833496094,-2,4
1587225908.7338,48.591533660889,42.98738861084,-2,4
1587225908.8424,48.199996948242,43.115612030029,-2,4
1587225908.9492,47.808200836182,43.254711151123,-2,4
1587225909.0629,47.443164825439,43.436985015869,-2,4
1587225909.1716,47.067386627197,43.624618530273,-2,4
1587225909.2792,46.702354431152,43.806896209717,-2,4
1587225909.3926,46.208477020264,44.053497314453,-2,4
1587225909.5003,45.839862823486,44.237552642822,-2,4
1587225909.608,45.455749511719,44.374439239502,-2,4
1587225909.7165,45.064483642578,44.503490447998,-2,4
1587225909.8244,44.673221588135,44.632537841797,-2,4
1587225909.9391,44.149005889893,44.805431365967,-2,4
1587225910.0473,43.757743835449,44.93448638916,-2,4
1587225910.155,43.370273590088,45.06229019165,-2,4
1587225910.2628,42.979011535645,45.191341400146,-2,4
1587225910.3707,42.591541290283,45.319152832031,-2,4
1587225910.4854,42.067325592041,45.49206161499,-2,4
1587225910.5931,41.672264099121,45.622367858887,-2,4
1587225910.7009,41.281002044678,45.751430511475,-2,4
1587225910.8085,40.88595199585,45.881736755371,-2,4
1587225910.9174,40.498489379883,46.009540557861,-2,4
1587225911.0321,40.107227325439,46.138591766357,-2,4
1587225911.1398,39.586811065674,46.310237884521,-2,4
1587225911.2476,39.191753387451,46.440532684326,-2,4
1587225911.3553,38.800491333008,46.569583892822,-2,4
1587225911.464,38.409233093262,46.698635101318,-2,4
1587225911.5787,38.017971038818,46.827686309814,-2,4
1587225911.6854,37.626705169678,46.956729888916,-2,4
1587225911.7943,37.102489471436,47.129627227783,-2,4
1587225911.9021,36.711223602295,47.258686065674,-2,4
1587225912.0167,36.312358856201,47.390228271484,-2,4
1587225912.1234,35.921096801758,47.519287109375,-2,4
1587225912.2313,35.522232055664,47.650829315186,-2,4
1587225912.3399,35.130966186523,47.779880523682,-2,4
1587225912.4537,34.602951049805,47.954025268555,-2,4
1587225912.5613,34.207889556885,48.084331512451,-2,4
1587225912.67,33.81282043457,48.21463394165,-2,4
1587225912.7777,33.421562194824,48.343688964844,-2,4
1587225912.8919,33.030300140381,48.472736358643,-2,4
1587225912.9996,32.506084442139,48.645629882813,-2,4
1587225913.1071,32.118621826172,48.7734375,-2,4
1587225913.2145,31.727354049683,48.902500152588,-2,4
1587225913.3288,31.339883804321,49.030311584473,-2,4
1587225913.4365,30.944814682007,49.160617828369,-2,4
1587225913.5452,30.553544998169,49.289669036865,-2,4
1587225913.6529,30.029317855835,49.462581634521,-2,4
1587225913.7673,29.638050079346,49.591632843018,-2,4
1587225913.875,29.24298286438,49.721942901611,-2,4
1587225913.9827,28.844110488892,49.853507995605,-2,4
1587225914.0914,28.456642150879,49.981304168701,-2,4
1587225914.1988,28.061576843262,50.1116065979,-2,4
1587225914.3113,27.541152954102,50.283260345459,-2,4
1587225914.4189,27.149885177612,50.412315368652,-2,4
1587225914.5334,26.754816055298,50.542621612549,-2,4
1587225914.6411,26.359746932983,50.672924041748,-2,4
1587225914.7488,25.968477249146,50.801971435547,-2,4
1587225914.8562,25.569604873657,50.933532714844,-2,4
1587225914.9649,25.174533843994,51.06383895874,-2,4
1587225915.0784,24.650310516357,51.236755371094,-2,4
1587225915.1857,24.262844085693,51.364566802979,-2,4
1587225915.2943,23.868877410889,51.484317779541,-2,4
1587225915.4016,23.455848693848,51.527252197266,-2,4
1587225915.5154,22.908102035522,51.543453216553,-2,4
1587225915.6222,22.496290206909,51.555629730225,-2,4
1587225915.7298,22.0885887146,51.54833984375,-2,4
1587225915.8465,21.676944732666,51.531204223633,-2,4
1587225915.9542,21.269302368164,51.514240264893,-2,4
1587225916.0619,20.85765838623,51.497104644775,-2,4
1587225916.1706,20.302127838135,51.473976135254,-2,4
1587225916.278,19.894487380981,51.457008361816,-2,4
1587225916.3858,19.478839874268,51.43970489502,-2,4
1587225916.5004,19.067197799683,51.422569274902,-2,4
1587225916.6081,18.659553527832,51.405605316162,-2,4
1587225916.7168,18.239904403687,51.388134002686,-2,4
1587225916.8244,17.692186355591,51.40548324585,-2,4
1587225916.9375,17.280395507813,51.418533325195,-2,4
1587225917.0461,16.864604949951,51.431694030762,-2,4
1587225917.1538,16.448812484741,51.444854736328,-2,4
1587225917.2676,15.901091575623,51.462230682373,-2,4
1587225917.3753,15.487030982971,51.424751281738,-2,4
1587225917.4828,15.073773384094,51.37703704834,-2,4
1587225917.5905,14.660513877869,51.329326629639,-2,4
1587225917.7052,14.251234054565,51.282081604004,-2,4
1587225917.8129,13.83797454834,51.234375,-2,4
1587225917.9216,13.428693771362,51.187126159668,-2,4
1587225918.029,13.015436172485,51.139415740967,-2,4
1587225918.1358,12.463097572327,51.07564163208,-2,4
1587225918.2514,12.049038887024,51.038166046143,-2.01291847229,4
1587225918.3588,11.639496803284,51.020942687988,-1.962057352066,4
1587225918.4675,11.227071762085,51.003509521484,-1.9101755619049,4
1587225918.5747,10.818613052368,50.98624420166,-1.8591187000275,4
1587225918.6875,10.267392158508,50.962944030762,-1.79021692276,4
1587225918.7961,9.8589305877686,50.945678710938,-1.7391676902771,4
1587225918.903,9.4465074539185,50.928245544434,-1.6876077651978,4
1587225919.0176,9.0340824127197,50.91081237793,-1.6360628604889,4
1587225919.1254,8.6176919937134,50.893211364746,-1.5840148925781,4
1587225919.233,8.2013025283813,50.87561416626,-1.5319666862488,4
1587225919.3407,7.7849140167236,50.858016967773,-1.4799188375473,4
1587225919.4484,7.3724908828735,50.84058380127,-1.4283657073975,4
1587225919.5631,6.8292021751404,50.81761932373,-1.3604469299316,4
1587225919.6718,6.4207448959351,50.800350189209,-1.3093898296356,4
1587225919.7786,6.0122866630554,50.783081054688,-1.258332490921,4
1587225919.8918,5.5998611450195,50.765651702881,-1.2067869901657,4
1587225919.9991,5.1914029121399,50.748382568359,-1.1557219028473,4
1587225920.1059,4.6401805877686,50.725086212158,-1.0868268013,4
1587225920.221,4.2356886863708,50.707981109619,-1.0362576246262,4
1587225920.3297,3.8221123218536,50.710884094238,-1,4
1587225920.4374,3.4143173694611,50.723777770996,-1,4
1587225920.5461,3.0065224170685,50.736671447754,-1,4
1587225920.6539,2.4548001289368,50.754138946533,-1,4
1587225920.7615,2.0350122451782,50.767444610596,-1,4
1587225920.8752,1.6259390115738,50.80997467041,-1,4
1587225920.9819,1.2280831336975,50.942127227783,-1,4
1587225921.0893,0.87842482328415,51.151016235352,-1,4
1587225921.2026,0.57827949523926,51.43221282959,-1,4
1587225921.31,0.34527772665024,51.771133422852,-1,4
1587225921.4174,0.065388314425945,52.246910095215,-1,4
1587225921.532,-0.1435159444809,52.602024078369,-1,4
1587225921.6388,-0.32755374908447,52.974281311035,-1,4
1587225921.7458,-0.45478257536888,53.366146087646,-1,4
1587225921.8605,-0.58447939157486,53.765602111816,-1,4
1587225921.9689,-0.75369536876678,54.286808013916,-1,4
1587225922.0762,-0.88215720653534,54.682468414307,-1,4
1587225922.183,-1.0106182098389,55.078125,-1,4
1587225922.2992,-1.1378372907639,55.469974517822,-1,4
1587225922.4069,-1.2675315141678,55.869441986084,-1,4
1587225922.5143,-1.3854466676712,56.2639503479,-1,4
1587225922.6219,-1.4264616966248,56.677188873291,-1,4
1587225922.7354,-1.4413719177246,57.228988647461,-1,4
1587225922.8441,-1.4525005817413,57.640830993652,-1,4
1587225922.9518,-1.4637372493744,58.056678771973,-1,4
1587225923.0595,-1.4748659133911,58.468532562256,-1,4
1587225923.1682,-1.4862105846405,58.888374328613,-1,4
1587225923.2829,-1.5010124444962,59.436180114746,-1,4
1587225923.3902,-1.5121411085129,59.848030090332,-1,4
1587225923.4979,-1.5233777761459,60.263874053955,-1,4
1587225923.6051,-1.534614443779,60.679718017578,-1,4
1587225923.7209,-1.5457429885864,61.091564178467,-1,4
1587225923.8282,-1.577782034874,61.233695983887,-1,4
1587225923.935,-1.577782034874,61.233695983887,-1,4
1587225924.0436,-1.5309888124466,61.505702972412,-1,4
1587225924.1574,-1.4617818593979,61.911853790283,-1,4
1587225924.2641,-1.3856245279312,62.312507629395,-1,4
1587225924.3718,-1.2493004798889,62.696624755859,-1,4
1587225924.4862,-0.96873909235001,63.175563812256,-1,4
1587225924.5949,-0.70639789104462,63.493095397949,-1,4
1587225924.7017,-0.43948221206665,63.812187194824,-1,4
1587225924.8089,-0.1765843629837,64.129417419434,-1,4
1587225924.9173,0.11810097843409,64.416801452637,-1,4
1587225925.031,0.43506437540054,64.698425292969,-1,4
1587225925.1388,0.84592771530151,65.067039489746,-1,4
1587225925.2464,1.1554305553436,65.344985961914,-1,4
1587225925.3611,1.4651029109955,65.622741699219,-1,4
1587225925.4695,1.7750263214111,65.90022277832,-1,4
1587225925.5772,2.0961093902588,66.157768249512,-1,4
1587225925.6848,2.0146896839142,66.362915039063,-1,4
1587225925.7935,2.5313518047333,66.555084228516,-1,4
1587225925.9068,2.6331036090851,66.736335754395,-1,4
1587225926.0135,2.8418791294098,67.096122741699,-1,4
1587225926.1211,3.1028792858124,67.374572753906,-1,4
1587225926.2349,3.4908401966095,67.397758483887,-1.0885751247406,4
1587225926.3435,3.9809093475342,67.152328491211,-1.2265908718109,4
1587225926.4503,4.3497014045715,67.171630859375,-1.328310251236,4
1587225926.5642,4.7293586730957,67.292610168457,-1.4330430030823,4
1587225926.673,5.1103200912476,67.409118652344,-1.5381355285645,4
1587225926.7806,5.4955086708069,67.524864196777,-1.6444120407104,4
1587225926.8874,5.6214790344238,67.562545776367,-1.6791460514069,4
1587225927.002,5.6214790344238,67.562545776367,-1.6791460514069,4
1587225927.1094,5.6214790344238,67.562545776367,-1.6791460514069,4
1587225927.2182,5.6214790344238,67.562545776367,-1.6791460514069,4
1587225927.3259,5.6214790344238,67.562545776367,-1.6791460514069,4
1587225927.4333,5.6214790344238,67.562545776367,-1.6791460514069,4
1587225927.5488,5.6214790344238,67.562545776367,-1.6791460514069,4
1587225927.6555,5.6214790344238,67.562545776367,-1.6791460514069,4
1587225927.7627,5.6214790344238,67.562545776367,-1.6791460514069,4
1587225927.8763,5.6214790344238,67.562545776367,-1.6791460514069,4
1587225927.9832,5.6214790344238,67.562545776367,-1.6791460514069,4
1587225928.0917,5.6214790344238,67.562545776367,-1.6791460514069,4
1587225928.1995,5.6214790344238,67.562545776367,-1.6791460514069,4
